"node_id","weight","deg_centrality","r_degree","betweenness","r_betweenness","closeness","r_closeness","eigenvector","r_eigenvector","pagerank","ccf"
0,1.0,0.47619047619047616,0.5238095238095238,0.14608038772327214,0.8539196122767279,0.8135797425401972,0.18642025745980284,0.580797306771867,0.41920269322813297,0.3911804879034113,0.5454545454545455
1,1.0,0.47619047619047616,0.5238095238095238,0.10653573067256152,0.8934642693274385,0.7799579716859191,0.22004202831408093,0.6065754627238543,0.3934245372761457,0.38582474123903765,0.6000000000000001
2,1.0,0.19047619047619044,0.8095238095238095,0.03599083086537619,0.9640091691346238,0.6247607525484283,0.37523924745157167,0.20747710775872105,0.7925228922412789,0.16007832923335538,0.0
3,1.0,0.7142857142857141,0.2857142857142859,1.0,0.0,1.0,0.0,0.6287568372994823,0.3712431627005177,0.7003191623448982,0.15000000000000002
4,1.0,0.2857142857142857,0.7142857142857143,0.14639531248967422,0.8536046875103258,0.6154128285065384,0.38458717149346155,0.30417884901485304,0.695821150985147,0.2763033768464217,0.42857142857142855
5,1.0,0.2857142857142857,0.7142857142857143,0.09880549109504977,0.9011945089049502,0.6342033391122617,0.3657966608877383,0.2743746281894428,0.7256253718105572,0.2608445751741786,0.2857142857142857
6,1.0,0.5238095238095237,0.4761904761904763,0.2424979626186109,0.7575020373813891,0.9089634214417392,0.09103657855826075,0.6035682091741875,0.3964317908258125,0.4395047076167963,0.31818181818181823
7,1.0,0.19047619047619044,0.8095238095238095,0.17025640102958367,0.8297435989704163,0.5700445418973654,0.4299554581026346,0.10858627648242203,0.891413723517578,0.2250526941731467,0.0
8,1.0,0.47619047619047616,0.5238095238095238,0.22457149758332393,0.775428502416676,0.7581484379153975,0.24185156208460246,0.5114642506397337,0.48853574936026634,0.43139229720894157,0.16363636363636364
9,1.0,0.33333333333333326,0.6666666666666667,0.1112033412138695,0.8887966587861305,0.768994020177129,0.23100597982287097,0.42686652742255726,0.5731334725774427,0.280703370034484,0.21428571428571427
10,1.0,0.2857142857142857,0.7142857142857143,0.050027131023701724,0.9499728689762983,0.6979902360441244,0.30200976395587564,0.310225952580016,0.689774047419984,0.22945210592101462,0.14285714285714285
11,1.0,0.619047619047619,0.38095238095238104,0.3060821846574924,0.6939178153425076,0.860189214003433,0.13981078599656704,0.7280505728983011,0.2719494271016989,0.5424078991901855,0.2967032967032967
12,1.0,0.5714285714285713,0.4285714285714287,0.31495543802807796,0.6850445619719221,0.8424648316590273,0.1575351683409727,0.6687166320683399,0.33128336793166013,0.5131218789737758,0.23076923076923078
13,1.0,0.4285714285714285,0.5714285714285715,0.1748965365863729,0.8251034634136271,0.8050698122790831,0.19493018772091686,0.4896377470901027,0.5103622529098972,0.3660859267310944,0.2666666666666667
14,1.0,0.47619047619047616,0.5238095238095238,0.21569222163070356,0.7843077783692964,0.8721740317370251,0.12782596826297488,0.6195390853964936,0.3804609146035064,0.3939893160170888,0.4909090909090909
15,1.0,0.4285714285714285,0.5714285714285715,0.2308186752605542,0.7691813247394458,0.7772057808609946,0.22279421913900543,0.42137048292395524,0.5786295170760447,0.3969293411098044,0.3333333333333333
16,1.0,0.2857142857142857,0.7142857142857143,0.17456848889086152,0.8254315111091385,0.6803936312335288,0.3196063687664712,0.3076185457712587,0.6923814542287413,0.28368242932768317,0.14285714285714285
17,1.0,0.3809523809523809,0.6190476190476191,0.07240484418460684,0.9275951558153932,0.7289180072651791,0.2710819927348209,0.5007244129185551,0.4992755870814449,0.31002511395164994,0.08333333333333333
18,1.0,0.47619047619047616,0.5238095238095238,0.12834752848911973,0.8716524715108802,0.7910422409067395,0.20895775909326053,0.6426312954352369,0.3573687045647631,0.38933214895360646,0.43636363636363634
19,1.0,0.7142857142857141,0.2857142857142859,0.423753934888994,0.576246065111006,0.9342099825606863,0.06579001743931367,0.8807745186774542,0.11922548132254585,0.5926251498384383,0.225
20,1.0,0.619047619047619,0.38095238095238104,0.4236387215726628,0.5763612784273372,0.9406145777782687,0.059385422221731266,0.677969682964163,0.32203031703583695,0.5607091763194467,0.19780219780219782
21,1.0,0.47619047619047616,0.5238095238095238,0.14983243906640573,0.8501675609335942,0.8078986088296886,0.19210139117031144,0.6328909547043207,0.36710904529567934,0.38616590449456883,0.27272727272727276
22,1.0,0.6666666666666666,0.33333333333333337,0.3618678766501171,0.6381321233498829,0.8996464553351624,0.10035354466483759,0.8448629794949815,0.15513702050501854,0.5662361833311537,0.42857142857142855
23,1.0,0.3809523809523809,0.6190476190476191,0.17928923727094284,0.8207107627290572,0.819292482001529,0.18070751799847096,0.433049199226394,0.5669508007736059,0.3242041318826092,0.16666666666666666
24,1.0,0.5714285714285713,0.4285714285714287,0.15904421206885155,0.8409557879311484,0.8661645747653448,0.1338354252346552,0.7611132571608815,0.23888674283911848,0.46515931252410014,0.3846153846153846
25,1.0,1.0,0.0,0.8786555816120888,0.12134441838791121,0.9374075709082881,0.06259242909171192,1.0,0.0,1.0,0.14285714285714285
26,1.0,0.4285714285714285,0.5714285714285715,0.29052438711046386,0.7094756128895361,0.8424648316590273,0.1575351683409727,0.46468948872785004,0.5353105112721499,0.40086842446634446,0.06666666666666668
27,1.0,0.5714285714285713,0.4285714285714287,0.3058330534968697,0.6941669465031304,0.8996464553351624,0.10035354466483759,0.7415971531519978,0.2584028468480022,0.47855468138099877,0.2692307692307693
28,1.0,0.6666666666666666,0.33333333333333337,0.3288157926502184,0.6711842073497816,0.9183618770477903,0.08163812295220974,0.7486105869730612,0.25138941302693885,0.5610157448427217,0.2285714285714286
29,1.0,0.47619047619047616,0.5238095238095238,0.18199038237826867,0.8180096176217313,0.8221607864246628,0.17783921357533716,0.5351921073533682,0.4648078926466318,0.39945281964892476,0.32727272727272727
30,1.0,0.619047619047619,0.38095238095238104,0.26373427438139335,0.7362657256186067,0.8904099234683549,0.1095900765316451,0.8577193376303651,0.14228066236963488,0.5078005700317954,0.4945054945054945
31,1.0,0.14285714285714282,0.8571428571428572,0.02895051750628545,0.9710494824937146,0.5122040032416709,0.4877959967583291,0.12264971153322919,0.8773502884667708,0.12820080623239977,0.0
32,1.0,0.6666666666666666,0.33333333333333337,0.45935806161077314,0.5406419383892269,0.9310217713050128,0.06897822869498715,0.7463639124504332,0.2536360875495668,0.5936131409870663,0.14285714285714285
33,1.0,0.761904761904762,0.23809523809523803,0.4844336808427795,0.5155663191572205,0.9798487247933255,0.02015127520667448,0.8586164271458151,0.1413835728541849,0.6692925513807793,0.15441176470588236
34,1.0,0.5238095238095237,0.4761904761904763,0.43659652953517114,0.5634034704648289,0.9438310448455063,0.056168955154493716,0.591163166514087,0.40883683348591304,0.4552971305440236,0.045454545454545456
35,1.0,0.47619047619047616,0.5238095238095238,0.14184146552100468,0.8581585344789953,0.8512894711737208,0.14871052882627922,0.6138497655207298,0.3861502344792702,0.386975749906165,0.27272727272727276
36,1.0,0.47619047619047616,0.5238095238095238,0.15684201311206636,0.8431579868879336,0.75545531320957,0.24454468679042995,0.5293452438486482,0.47065475615135177,0.40988663867945985,0.16363636363636364
37,1.0,0.3809523809523809,0.6190476190476191,0.06757831953998138,0.9324216804600186,0.7635565530215518,0.2364434469784482,0.5322784512952581,0.4677215487047419,0.3008969555691847,0.4166666666666667
38,1.0,0.19047619047619044,0.8095238095238095,0.030355790135742713,0.9696442098642573,0.5969953305182983,0.40300466948170166,0.2701691016965748,0.7298308983034252,0.159604714361945,0.6000000000000001
39,1.0,0.5714285714285713,0.4285714285714287,0.30192243355210857,0.6980775664478914,0.8542476600916591,0.1457523399083409,0.5365728536435672,0.4634271463564328,0.5118161561580872,0.1923076923076923
40,1.0,0.4285714285714285,0.5714285714285715,0.24462288783719374,0.7553771121628062,0.802248819305169,0.197751180694831,0.4300468046747235,0.5699531953252766,0.37195932374727225,0.13333333333333336
41,1.0,0.47619047619047616,0.5238095238095238,0.23802349652345384,0.7619765034765462,0.8135797425401972,0.18642025745980284,0.5151494704997247,0.4848505295002753,0.41809403654847543,0.10909090909090909
42,1.0,0.33333333333333326,0.6666666666666667,0.06883670299902644,0.9311632970009736,0.75545531320957,0.24454468679042995,0.503138949511773,0.49686105048822704,0.2714651323891604,0.42857142857142855
43,1.0,0.6666666666666666,0.33333333333333337,0.6127687748106503,0.3872312251893497,0.9058487641732605,0.09415123582673945,0.6147788192550083,0.3852211807449917,0.6098449714911983,0.17142857142857143
44,1.0,0.5238095238095237,0.4761904761904763,0.4549310551810977,0.5450689448189023,0.953537627683969,0.04646237231603101,0.6034048901648625,0.39659510983513746,0.45269614334474173,0.2272727272727273
45,1.0,0.4285714285714285,0.5714285714285715,0.34466018772743584,0.6553398122725642,0.7938323402676123,0.2061676597323877,0.41735761623185197,0.582642383768148,0.3749364176417693,0.13333333333333336
46,1.0,0.33333333333333326,0.6666666666666667,0.2326964001976775,0.7673035998023225,0.7799579716859191,0.22004202831408093,0.2832152540918703,0.7167847459081297,0.29229889963989086,0.0
47,1.0,0.619047619047619,0.38095238095238104,0.38905073183410943,0.6109492681658906,0.8691650230111769,0.13083497698882307,0.5741720071875936,0.42582799281240635,0.5442060075015873,0.16483516483516483
48,1.0,0.3809523809523809,0.6190476190476191,0.07896199742929014,0.9210380025707099,0.6558028024877904,0.34419719751220956,0.4866151016649824,0.5133848983350175,0.3183888529363646,0.4166666666666667
49,1.0,0.5238095238095237,0.4761904761904763,0.29051025210976467,0.7094897478902353,0.8250370916969549,0.17496290830304506,0.522657597240046,0.477342402759954,0.4742891311110415,0.045454545454545456
50,1.0,0.619047619047619,0.38095238095238104,0.37443113244597576,0.6255688675540243,0.9089634214417392,0.09103657855826075,0.6583135782847614,0.34168642171523855,0.5536695514959342,0.2637362637362638
51,1.0,0.09523809523809525,0.9047619047619048,0.013139515511224062,0.986860484488776,0.5395845360080819,0.46041546399191813,0.1254396173625728,0.8745603826374272,0.08045645026170366,0.0
52,1.0,0.5714285714285713,0.4285714285714287,0.36585347143258495,0.634146528567415,0.8542476600916591,0.1457523399083409,0.6040130599923196,0.3959869400076804,0.5224302286686444,0.2692307692307693
53,1.0,0.5238095238095237,0.4761904761904763,0.3335278941301028,0.6664721058698972,0.7368047953869699,0.26319520461303014,0.5194466162862926,0.48055338371370737,0.5164326888372905,0.5
54,1.0,0.47619047619047616,0.5238095238095238,0.1406112873408757,0.8593887126591243,0.8661645747653448,0.1338354252346552,0.6261595269949504,0.37384047300504963,0.3861198540577772,0.32727272727272727
55,1.0,0.5238095238095237,0.4761904761904763,0.2504027534170239,0.7495972465829761,0.7994355976617619,0.20056440233823813,0.556646350017439,0.443353649982561,0.4422659305557743,0.36363636363636365
56,1.0,0.4285714285714285,0.5714285714285715,0.24196275482932564,0.7580372451706744,0.8078986088296886,0.19210139117031144,0.5054312494900579,0.4945687505099421,0.36454693239642366,0.4666666666666667
57,1.0,0.619047619047619,0.38095238095238104,0.15152433396616136,0.8484756660338386,0.8904099234683549,0.1095900765316451,0.8558843194773531,0.1441156805226469,0.48957704613313763,0.32967032967032966
58,1.0,0.19047619047619044,0.8095238095238095,0.0551390535944219,0.944860946405578,0.6558028024877904,0.34419719751220956,0.15088704965410357,0.8491129503458964,0.16656531990111617,0.0
59,1.0,0.23809523809523808,0.7619047619047619,0.06747094211314071,0.9325290578868592,0.6413482696062422,0.35865173039375775,0.2877363608918655,0.7122636391081345,0.2010426931847037,0.2
60,1.0,0.2857142857142857,0.7142857142857143,0.035098330347212256,0.9649016696527878,0.5947188182204955,0.40528118177950445,0.2900009702556489,0.709999029744351,0.2361801078173309,0.0
61,1.0,0.3809523809523809,0.6190476190476191,0.19927867053416617,0.8007213294658339,0.6878957551594747,0.31210424484052535,0.3441341202217529,0.6558658797782471,0.36745332962511373,0.3333333333333333
62,1.0,0.2857142857142857,0.7142857142857143,0.17690716835446166,0.8230928316455384,0.6389605813277967,0.36103941867220335,0.31260216566320953,0.6873978343367905,0.2827120754926657,0.2857142857142857
63,1.0,0.5714285714285713,0.4285714285714287,0.20405628277514054,0.7959437172248595,0.9089634214417392,0.09103657855826075,0.7435292931433022,0.2564707068566978,0.4649795930300817,0.23076923076923078
64,1.0,0.4285714285714285,0.5714285714285715,0.09631162377798701,0.903688376222013,0.7799579716859191,0.22004202831408093,0.5326541098999235,0.46734589010007654,0.34521846154067104,0.2666666666666667
65,1.0,0.4285714285714285,0.5714285714285715,0.10274800006398359,0.8972519999360165,0.7184996575240477,0.28150034247595235,0.49090296548387297,0.509097034516127,0.3524226223752526,0.2666666666666667
66,1.0,0.23809523809523808,0.7619047619047619,0.03486882772188941,0.9651311722781106,0.5879230074352025,0.41207699256479746,0.25554107810814675,0.7444589218918533,0.19851191023574752,0.0
67,1.0,0.5714285714285713,0.4285714285714287,0.2335537474215542,0.7664462525784458,0.8279214313415156,0.17207856865848437,0.6180098073680581,0.3819901926319419,0.4751475506924651,0.1923076923076923
68,1.0,0.4285714285714285,0.5714285714285715,0.3035835007919333,0.6964164992080667,0.8164321450906815,0.18356785490931848,0.3452219249244396,0.6547780750755604,0.3826045325772374,0.06666666666666668
69,1.0,0.5714285714285713,0.4285714285714287,0.18049685311123795,0.819503146888762,0.8542476600916591,0.1457523399083409,0.7738736631761013,0.2261263368238987,0.4618646939118281,0.5
70,1.0,0.47619047619047616,0.5238095238095238,0.14109209248337914,0.8589079075166208,0.7662716026785032,0.23372839732149675,0.374070106415225,0.625929893584775,0.40707650468719314,0.3818181818181818
71,1.0,0.4285714285714285,0.5714285714285715,0.12379422840236382,0.8762057715976361,0.7827176821579059,0.21728231784209406,0.3314173554699901,0.6685826445300098,0.35325860210063836,0.13333333333333336
72,1.0,0.2857142857142857,0.7142857142857143,0.15390536928141751,0.8460946307185825,0.6461418960098468,0.35385810399015316,0.2208590324341277,0.7791409675658723,0.2848448625575477,0.42857142857142855
73,1.0,0.619047619047619,0.38095238095238104,0.25770038859856226,0.7422996114014377,0.8934798946748058,0.10652010532519418,0.5312661819680856,0.4687338180319144,0.5179563488087386,0.2967032967032967
74,1.0,0.5238095238095237,0.4761904761904763,0.30843749515979846,0.6915625048402015,0.8366229945609415,0.16337700543905853,0.40178933700159747,0.5982106629984025,0.45195567870057674,0.045454545454545456
75,1.0,0.09523809523809525,0.9047619047619048,0.021268909046802915,0.9787310909531971,0.5481822878429453,0.4518177121570547,0.13953838059379092,0.8604616194062091,0.08525520127024919,0.0
76,1.0,0.619047619047619,0.38095238095238104,0.40333637353094065,0.5966636264690593,0.8483396269353819,0.1516603730646181,0.5213142482046654,0.47868575179533457,0.5634943611140028,0.2637362637362638
77,1.0,0.5714285714285713,0.4285714285714287,0.3418040727435826,0.6581959272564174,0.8631726505202114,0.13682734947978858,0.43000699086741323,0.5699930091325868,0.5075673312884773,0.23076923076923078
78,1.0,0.5238095238095237,0.4761904761904763,0.30120173794172583,0.6987982620582742,0.7994355976617619,0.20056440233823813,0.3822627097307477,0.6177372902692523,0.4835601216618254,0.18181818181818182
79,1.0,0.47619047619047616,0.5238095238095238,0.14576427955029567,0.8542357204497043,0.7882597856537047,0.2117402143462953,0.37761010268966394,0.6223898973103361,0.39032405406721865,0.21818181818181817
80,1.0,0.5714285714285713,0.4285714285714287,0.22824698597166296,0.7717530140283371,0.8453980921174323,0.15460190788256767,0.45550436401362093,0.5444956359863791,0.4786044834695903,0.3076923076923077
81,1.0,0.33333333333333326,0.6666666666666667,0.28740306771035995,0.71259693228964,0.6247607525484283,0.37523924745157167,0.24962575096115255,0.7503742490388474,0.3790836473649633,0.21428571428571427
82,1.0,0.33333333333333326,0.6666666666666667,0.22926981070685573,0.7707301892931443,0.7420978472991401,0.2579021527008599,0.213762381967505,0.786237618032495,0.29906619679447033,0.0
83,1.0,0.47619047619047616,0.5238095238095238,0.2522699209908682,0.7477300790091318,0.7527694378300032,0.24723056216999684,0.44082287881487175,0.5591771211851282,0.44208173495847813,0.3818181818181818
84,1.0,0.2857142857142857,0.7142857142857143,0.07296106546701366,0.9270389345329864,0.6704811474913757,0.32951885250862434,0.1827826678024089,0.8172173321975911,0.2433235002426391,0.14285714285714285
85,1.0,0.19047619047619044,0.8095238095238095,0.02049198091676996,0.97950801908323,0.5744812934554686,0.4255187065445314,0.23758431972359567,0.7624156802764044,0.15695970850785618,0.0
86,1.0,0.3809523809523809,0.6190476190476191,0.0936748886735188,0.9063251113264812,0.7030772185371761,0.2969227814628239,0.28783183126900486,0.7121681687309951,0.31494416749618626,0.25
87,1.0,0.5238095238095237,0.4761904761904763,0.43886870678466033,0.5611312932153396,0.8965587258270183,0.10344127417298166,0.3659072143254726,0.6340927856745274,0.4503054786461164,0.27272727272727276
88,1.0,0.33333333333333326,0.6666666666666667,0.12080775983678887,0.8791922401632111,0.7107579589021794,0.2892420410978206,0.3149231807308076,0.6850768192691924,0.2864771830119421,0.32142857142857145
89,1.0,0.3809523809523809,0.6190476190476191,0.11057581368190601,0.889424186318094,0.7474193182819798,0.2525806817180202,0.3643032159798747,0.6356967840201253,0.310119285447628,0.0
90,1.0,0.2857142857142857,0.7142857142857143,0.18414465599199425,0.8158553440080057,0.7005303937503534,0.2994696062496466,0.19393062620573756,0.8060693737942625,0.288320578152128,0.2857142857142857
91,1.0,0.2857142857142857,0.7142857142857143,0.1144545888383612,0.8855454111616388,0.6224149527416899,0.3775850472583101,0.25914150767997524,0.7408584923200248,0.2642769102243516,0.14285714285714285
92,1.0,0.14285714285714282,0.8571428571428572,0.012318387660895342,0.9876816123391047,0.4236018297953073,0.5763981702046928,0.11408756391941685,0.8859124360805831,0.1249987618827438,0.5
93,1.0,0.4285714285714285,0.5714285714285715,0.20363307228467795,0.796366927715322,0.7938323402676123,0.2061676597323877,0.3085736501945627,0.6914263498054374,0.36891179819659176,0.13333333333333336
94,1.0,0.33333333333333326,0.6666666666666667,0.13172154226374716,0.8682784577362528,0.8135797425401972,0.18642025745980284,0.32405740852937076,0.6759425914706292,0.276814676158962,0.5357142857142858
95,1.0,0.33333333333333326,0.6666666666666667,0.10002028206732477,0.8999797179326752,0.7030772185371761,0.2969227814628239,0.2862636228144413,0.7137363771855587,0.285502291999733,0.21428571428571427
96,1.0,0.3809523809523809,0.6190476190476191,0.07621662005646321,0.9237833799435368,0.7056307366874335,0.2943692633125665,0.27479180925773594,0.7252081907422641,0.3250093486668054,0.5
97,1.0,0.3809523809523809,0.6190476190476191,0.11160639589164219,0.8883936041083578,0.6979902360441244,0.30200976395587564,0.27811315126207903,0.721886848737921,0.32385015343006046,0.08333333333333333
98,1.0,0.23809523809523808,0.7619047619047619,0.05614496649499642,0.9438550335050035,0.6853885433922859,0.31461145660771406,0.23276040788388766,0.7672395921161124,0.1936447027774275,0.2
99,1.0,0.23809523809523808,0.7619047619047619,0.045478597380996404,0.9545214026190036,0.5744812934554686,0.4255187065445314,0.15019501654165765,0.8498049834583423,0.2040586499175731,0.2
100,1.0,0.4285714285714285,0.5714285714285715,0.11591566751862639,0.8840843324813736,0.7341688555347092,0.26583114446529077,0.3183456770409952,0.6816543229590049,0.36207577688122583,0.4
101,1.0,0.14285714285714282,0.8571428571428572,0.02431566814447852,0.9756843318555215,0.5395845360080819,0.46041546399191813,0.13039523729619795,0.869604762703802,0.12812931835275906,0.0
102,1.0,0.3809523809523809,0.6190476190476191,0.09068034460944203,0.9093196553905579,0.7005303937503534,0.2994696062496466,0.28887322130988763,0.7111267786901123,0.31666963584187413,0.25
103,1.0,0.4285714285714285,0.5714285714285715,0.14413146136568697,0.855868538634313,0.8250370916969549,0.17496290830304506,0.4327105356673186,0.5672894643326813,0.35580866600609234,0.2666666666666667
104,1.0,0.2857142857142857,0.7142857142857143,0.10620652144917792,0.8937934785508221,0.7005303937503534,0.2994696062496466,0.2641120210223521,0.7358879789776479,0.2546077231883265,0.0
105,1.0,0.3809523809523809,0.6190476190476191,0.07091040870761653,0.9290895912923834,0.6485478806907379,0.3514521193092621,0.26550712409002675,0.7344928759099733,0.32065566166869497,0.3333333333333333
106,1.0,0.3809523809523809,0.6190476190476191,0.08494992530080363,0.9150500746991964,0.6729496633070088,0.3270503366929912,0.2988301317674044,0.7011698682325955,0.32126030252749677,0.08333333333333333
107,1.0,0.6666666666666666,0.33333333333333337,0.4916215221214773,0.5083784778785227,0.8904099234683549,0.1095900765316451,0.4380470677594244,0.5619529322405756,0.590980563824208,0.2285714285714286
108,1.0,0.33333333333333326,0.6666666666666667,0.21939858093495904,0.780601419065041,0.690409504636617,0.309590495363383,0.19996558459249678,0.8000344154075032,0.29925026940678745,0.42857142857142855
109,1.0,0.4285714285714285,0.5714285714285715,0.2783301678356578,0.7216698321643422,0.7966301152800969,0.20336988471990314,0.3451705339471217,0.6548294660528783,0.40535119441237455,0.2666666666666667
110,1.0,0.23809523809523808,0.7619047619047619,0.16478752758530013,0.8352124724146999,0.6582335113291959,0.34176648867080406,0.16487556606608014,0.8351244339339199,0.2281220762841983,0.0
111,1.0,0.3809523809523809,0.6190476190476191,0.39363178907091834,0.6063682109290817,0.7420978472991401,0.2579021527008599,0.2944023268894021,0.705597673110598,0.4143319274921213,0.16666666666666666
112,1.0,0.3809523809523809,0.6190476190476191,0.15863383957911137,0.8413661604208886,0.7662716026785032,0.23372839732149675,0.2511868926833705,0.7488131073166295,0.3361265245898245,0.08333333333333333
113,1.0,0.5714285714285713,0.4285714285714287,0.29324538287529833,0.7067546171247017,0.7994355976617619,0.20056440233823813,0.49133394766182725,0.5086660523381727,0.5258839520410203,0.3461538461538462
114,1.0,0.33333333333333326,0.6666666666666667,0.18197470587353906,0.818025294126461,0.8078986088296886,0.19210139117031144,0.2562446237859732,0.7437553762140268,0.2880558167276085,0.10714285714285714
115,1.0,0.33333333333333326,0.6666666666666667,0.155718652255086,0.844281347744914,0.6779058802943548,0.32209411970564517,0.25809227983241007,0.7419077201675899,0.3100021788970793,0.21428571428571427
116,1.0,0.5238095238095237,0.4761904761904763,0.22866547984827634,0.7713345201517237,0.8453980921174323,0.15460190788256767,0.37700942991986386,0.6229905700801361,0.44509627117839284,0.36363636363636365
117,1.0,0.4285714285714285,0.5714285714285715,0.25128456149688455,0.7487154385031154,0.7938323402676123,0.2061676597323877,0.2749515479098332,0.7250484520901668,0.3807837712324652,0.2
118,1.0,0.3809523809523809,0.6190476190476191,0.06248492420381657,0.9375150757961834,0.6779058802943548,0.32209411970564517,0.35161085287555177,0.6483891471244483,0.3172508173123893,0.5833333333333334
119,1.0,0.33333333333333326,0.6666666666666667,0.2020849935651388,0.7979150064348612,0.7030772185371761,0.2969227814628239,0.20152796878853915,0.7984720312114608,0.2991470188195533,0.21428571428571427
120,1.0,0.47619047619047616,0.5238095238095238,0.5226490851147274,0.4773509148852726,0.5656294330297899,0.43437056697021015,0.07809404746330613,0.9219059525366938,0.606293489337259,0.10909090909090909
121,1.0,0.33333333333333326,0.6666666666666667,0.23174269440171524,0.7682573055982848,0.6389605813277967,0.36103941867220335,0.2083234989510199,0.7916765010489801,0.35278227160438547,0.10714285714285714
122,1.0,0.4285714285714285,0.5714285714285715,0.37558715198085474,0.6244128480191453,0.884296408354217,0.11570359164578303,0.363061480991262,0.636938519008738,0.3827226363259967,0.13333333333333336
123,1.0,0.23809523809523808,0.7619047619047619,0.28084631008952027,0.7191536899104798,0.6631136748385478,0.3368863251614522,0.09983551626551339,0.9001644837344867,0.28516067400319534,0.0
124,1.0,0.04761904761904761,0.9523809523809524,0.005551163309683808,0.9944488366903161,0.3641177415191103,0.6358822584808896,0.029887294525580997,0.970112705474419,0.05292638459473338,0.0
125,1.0,0.23809523809523808,0.7619047619047619,0.21629975521356753,0.7837002447864325,0.6413482696062422,0.35865173039375775,0.15488969023837382,0.8451103097616262,0.26934788503934937,0.2
126,1.0,0.14285714285714282,0.8571428571428572,0.04270418692976599,0.957295813070234,0.506004637332295,0.49399536266770505,0.07000742268104626,0.9299925773189537,0.13535521177423085,0.0
127,1.0,0.33333333333333326,0.6666666666666667,0.16885257204371476,0.8311474279562853,0.7081909746222969,0.29180902537770315,0.16571948207537776,0.8342805179246222,0.311403105329502,0.32142857142857145
128,1.0,0.23809523809523808,0.7619047619047619,0.12045223301967951,0.8795477669803204,0.6318337393234869,0.36816626067651315,0.1273700091489372,0.8726299908510629,0.22634594683018663,0.4
129,1.0,0.14285714285714282,0.8571428571428572,0.13548780740010022,0.8645121925998998,0.3300929730073873,0.6699070269926126,0.03449845323381904,0.9655015467661809,0.20557655349179857,0.0
130,1.0,0.47619047619047616,0.5238095238095238,0.2216329862857508,0.7783670137142492,0.6437420334273805,0.35625796657261954,0.14146497106746186,0.8585350289325382,0.4783522847587881,0.32727272727272727
131,1.0,0.23809523809523808,0.7619047619047619,0.2215621855709338,0.7784378144290662,0.48968543423751987,0.5103145657624801,0.037965125642212404,0.9620348743577876,0.28031667569812035,0.4
132,1.0,0.19047619047619044,0.8095238095238095,0.025532438856640343,0.9744675611433596,0.47963993175177,0.52036006824823,0.06519462547507819,0.9348053745249219,0.1887689131634258,0.30000000000000004
133,1.0,0.23809523809523808,0.7619047619047619,0.14726985727751168,0.8527301427224883,0.6680189938299067,0.3319810061700933,0.14509405780309187,0.8549059421969081,0.22891812244683157,0.2
134,1.0,0.23809523809523808,0.7619047619047619,0.08460290953497848,0.9153970904650215,0.6413482696062422,0.35865173039375775,0.1647202148845972,0.8352797851154028,0.22029815019297172,0.0
135,1.0,0.09523809523809525,0.9047619047619048,0.04103538420376238,0.9589646157962376,0.24355653144939038,0.7564434685506096,0.01048504007225724,0.9895149599277427,0.1461437858613932,1.0
136,1.0,0.19047619047619044,0.8095238095238095,0.13666390254888516,0.8633360974511148,0.46184900045286936,0.5381509995471306,0.06926020296954771,0.9307397970304523,0.2354378642061533,0.6000000000000001
137,1.0,0.3809523809523809,0.6190476190476191,0.2277095087152918,0.7722904912847082,0.6533783102930378,0.34662168970696217,0.11615513253842794,0.8838448674615721,0.38520649707482324,0.16666666666666666
138,1.0,0.14285714285714282,0.8571428571428572,0.04166569223908421,0.9583343077609158,0.5310690593103945,0.4689309406896055,0.1314969605229657,0.8685030394770343,0.12873445868808692,0.5
139,1.0,0.19047619047619044,0.8095238095238095,0.2487758412213243,0.7512241587786757,0.4776448157128369,0.5223551842871631,0.08544272795333242,0.9145572720466676,0.27456645858882217,0.0
140,1.0,0.3809523809523809,0.6190476190476191,0.33023275435804456,0.6697672456419554,0.7420978472991401,0.2579021527008599,0.22966740079080683,0.7703325992091932,0.36792747960942124,0.16666666666666666
141,1.0,0.3809523809523809,0.6190476190476191,0.19560163318329,0.8043983668167101,0.6509600109263692,0.34903998907363076,0.10993280338556187,0.8900671966144381,0.38065161003441716,0.3333333333333333
142,1.0,0.19047619047619044,0.8095238095238095,0.046293280467771425,0.9537067195322286,0.44442238856623273,0.5555776114337673,0.063099157626868,0.936900842373132,0.1961058106696797,0.6000000000000001
143,1.0,0.04761904761904761,0.9523809523809524,0.013631706188952342,0.9863682938110476,0.18090481214866783,0.8190951878513322,0.007684525374554673,0.9923154746254453,0.09142065286995406,0.0
144,1.0,0.4285714285714285,0.5714285714285715,0.20963907958910324,0.7903609204108968,0.7910422409067395,0.20895775909326053,0.23473056597036948,0.7652694340296305,0.3820832218964888,0.2666666666666667
145,1.0,0.2857142857142857,0.7142857142857143,0.2133284004466144,0.7866715995533856,0.5789398472325301,0.4210601527674699,0.08909130416384642,0.9109086958361536,0.32949431500702614,0.14285714285714285
146,1.0,0.3809523809523809,0.6190476190476191,0.15506373755188485,0.8449362624481151,0.6878957551594747,0.31210424484052535,0.14796246220772696,0.8520375377922731,0.36368727110980886,0.25
147,1.0,0.33333333333333326,0.6666666666666667,0.24930952639839135,0.7506904736016087,0.6130904719078961,0.3869095280921039,0.07965719631191541,0.9203428036880846,0.3584490703950371,0.32142857142857145
148,1.0,0.4285714285714285,0.5714285714285715,0.30747447324759963,0.6925255267524004,0.7799579716859191,0.22004202831408093,0.17258531323862636,0.8274146867613736,0.4208273473085265,0.06666666666666668
149,1.0,0.33333333333333326,0.6666666666666667,0.09905539393363509,0.900944606066365,0.6107739212007506,0.3892260787992494,0.12423038696749643,0.8757696130325036,0.33071165251228113,0.8571428571428571
150,1.0,0.3809523809523809,0.6190476190476191,0.09174953689435167,0.9082504631056483,0.5834203643286906,0.4165796356713094,0.13057928524370252,0.8694207147562975,0.3690955393959518,0.6666666666666666
151,1.0,0.23809523809523808,0.7619047619047619,0.12251087095091102,0.8774891290490889,0.6318337393234869,0.36816626067651315,0.11839873043101043,0.8816012695689895,0.23143111795299626,0.0
152,1.0,0.3809523809523809,0.6190476190476191,0.3462901898687565,0.6537098101312435,0.7474193182819798,0.2525806817180202,0.2505555728310499,0.7494444271689501,0.36588598019155266,0.3333333333333333
153,1.0,0.14285714285714282,0.8571428571428572,0.07964930349814518,0.9203506965018549,0.4482640589935414,0.5517359410064586,0.03208981249434965,0.9679101875056504,0.1606392197111766,0.0
154,1.0,0.23809523809523808,0.7619047619047619,0.09494802266110232,0.9050519773388976,0.6200750469043151,0.37992495309568486,0.11295380621658206,0.887046193783418,0.22610550024126969,0.0
155,1.0,0.14285714285714282,0.8571428571428572,0.07745059909201424,0.9225494009079858,0.4579453328054804,0.5420546671945197,0.0467157061592535,0.9532842938407465,0.16750237755778288,0.0
156,1.0,0.619047619047619,0.38095238095238104,0.46946274512241903,0.530537254877581,0.8107352413818192,0.18926475861818082,0.2266920063866358,0.7733079936133642,0.5962759509499089,0.19780219780219782
157,1.0,0.09523809523809525,0.9047619047619048,0.0562653250099316,0.9437346749900684,0.5268418059616616,0.47315819403833836,0.06362460658847113,0.9363753934115289,0.10269234805829389,0.0
158,1.0,0.33333333333333326,0.6666666666666667,0.2560346546433317,0.7439653453566684,0.7315399354956367,0.2684600645043633,0.13330159535199002,0.86669840464801,0.33758029580300236,0.21428571428571427
159,1.0,0.2857142857142857,0.7142857142857143,0.26382511241075113,0.7361748875892489,0.5289529073950787,0.4710470926049213,0.0809343640126476,0.9190656359873524,0.34144220339807857,0.42857142857142855
160,1.0,0.2857142857142857,0.7142857142857143,0.20650512192875717,0.7934948780712429,0.3251133438314379,0.674886656168562,0.01657545311832833,0.9834245468816717,0.41132391054213163,0.0
161,1.0,0.09523809523809525,0.9047619047619048,0.1392445446142843,0.8607554553857157,0.3452237948503683,0.6547762051496318,0.032429042679829864,0.9675709573201702,0.17614592041298288,0.0
162,1.0,0.14285714285714282,0.8571428571428572,0.04014511175426311,0.959854888245737,0.2391098582468188,0.7608901417531813,0.008100090891756362,0.9918999091082437,0.20175980830354417,0.0
163,1.0,0.14285714285714282,0.8571428571428572,0.0680575896374516,0.9319424103625484,0.36760149360451266,0.6323985063954873,0.023272613041254706,0.9767273869587453,0.17797968512121254,0.0
164,1.0,0.0,1.0,0.0,1.0,0.12082344663944378,0.8791765533605562,0.0034978196352746403,0.9965021803647254,0.018918462921630227,0.0
165,1.0,0.0,1.0,0.0,1.0,0.0,1.0,0.0,1.0,0.022999245715466632,0.0
166,1.0,0.09523809523809525,0.9047619047619048,0.011481149065634697,0.9885188509343653,0.21440708890994012,0.7855929110900599,0.008306971685095494,0.9916930283149045,0.12540144409640366,1.0
167,1.0,0.14285714285714282,0.8571428571428572,0.2074101389190948,0.7925898610809052,0.49170863368552725,0.5082913663144728,0.06269666540779774,0.9373033345922023,0.17848776904579797,0.0
168,1.0,0.4285714285714285,0.5714285714285715,0.30100003339129233,0.6989999666087077,0.43300155817725067,0.5669984418227494,0.02998025378032619,0.9700197462196738,0.5213353212808713,0.4
169,1.0,0.2857142857142857,0.7142857142857143,0.4372728079926146,0.5627271920073854,0.6247607525484283,0.37523924745157167,0.0782605940660543,0.9217394059339457,0.314744486254294,0.42857142857142855
170,1.0,0.2857142857142857,0.7142857142857143,0.0965875909119444,0.9034124090880556,0.3201651980854737,0.6798348019145263,0.015220405509530572,0.9847795944904695,0.37616297700625617,0.5714285714285714
171,1.0,0.19047619047619044,0.8095238095238095,0.12808340506453492,0.871916594935465,0.4051156973108193,0.5948843026891807,0.028900854854313342,0.9710991451456866,0.2388415867683527,0.0
172,1.0,0.14285714285714282,0.8571428571428572,0.09867443241132166,0.9013255675886783,0.4482640589935414,0.5517359410064586,0.05372965725199797,0.946270342748002,0.16617892393700556,0.0
173,1.0,0.19047619047619044,0.8095238095238095,0.02751336295043855,0.9724866370495614,0.20588429291744845,0.7941157070825515,0.009939358022132777,0.9900606419778673,0.24764023499681942,0.9
174,1.0,0.19047619047619044,0.8095238095238095,0.06555347586692113,0.9344465241330788,0.3201651980854737,0.6798348019145263,0.019644197679374635,0.9803558023206254,0.23925281693791112,0.0
175,1.0,0.04761904761904761,0.9523809523809524,0.005692462767824834,0.9943075372321751,0.20871410580732327,0.7912858941926767,0.007700006393173831,0.9922999936068262,0.07573260205488812,0.0
176,1.0,0.2857142857142857,0.7142857142857143,0.3746066343401761,0.6253933656598238,0.5226346823907799,0.4773653176092201,0.05348466347783063,0.9465153365221693,0.37771746400477335,0.14285714285714285
177,1.0,0.14285714285714282,0.8571428571428572,0.004112390707515524,0.9958876092924844,0.12082344663944378,0.8791765533605562,0.005918258437359503,0.9940817415626405,0.1881225526251699,1.0
178,1.0,0.14285714285714282,0.8571428571428572,0.025295788020911335,0.9747042119790886,0.2616138128926927,0.7383861871073073,0.009437610846466035,0.990562389153534,0.1908564887559386,0.0
179,1.0,0.33333333333333326,0.6666666666666667,0.3561674957331506,0.6438325042668493,0.39964969800477446,0.6003503019952255,0.023352555796403114,0.9766474442035968,0.4926380012011039,0.32142857142857145
180,1.0,0.14285714285714282,0.8571428571428572,0.03548608571272124,0.9645139142872787,0.3267697072575122,0.6732302927424878,0.01588803663453083,0.9841119633654691,0.17469999476313816,1.0
181,1.0,0.19047619047619044,0.8095238095238095,0.1390242515677433,0.8609757484322567,0.38346746321714226,0.6165325367828578,0.01897820327904904,0.9810217967209509,0.24976566987787424,0.30000000000000004
182,1.0,0.09523809523809525,0.9047619047619048,0.020185182935794216,0.9798148170642058,0.19606640668361466,0.8039335933163854,0.007069271408618918,0.9929307285913811,0.14270290814629152,0.0
183,1.0,0.14285714285714282,0.8571428571428572,0.15976951346915863,0.8402304865308414,0.4856531835893937,0.5143468164106063,0.06302475106685007,0.93697524893315,0.1790643881893139,0.0
184,1.0,0.09523809523809525,0.9047619047619048,0.02053697817047689,0.9794630218295232,0.24653586202219765,0.7534641379778023,0.011614215654749783,0.9883857843452503,0.13354806574417522,0.0
185,1.0,0.14285714285714282,0.8571428571428572,0.17109087906352832,0.8289091209364716,0.5481822878429453,0.4518177121570547,0.06293839897751156,0.9370616010224885,0.15842372082572204,0.0
186,1.0,0.2857142857142857,0.7142857142857143,0.14265613560792495,0.857343864392075,0.4292289501682633,0.5707710498317367,0.029386409679265233,0.9706135903207348,0.351632873089228,0.42857142857142855
187,1.0,0.3809523809523809,0.6190476190476191,0.5611575182739326,0.43884248172606743,0.5856689098997601,0.41433109010023994,0.08087071918746414,0.9191292808125359,0.5123165212559319,0.25
188,1.0,0.3809523809523809,0.6190476190476191,0.41777565715895726,0.5822243428410427,0.5525123904619562,0.4474876095380438,0.064862073162897,0.935137926837103,0.4592783892114975,0.0
189,1.0,0.19047619047619044,0.8095238095238095,0.1631975637853712,0.8368024362146288,0.483644099448069,0.5163559005519309,0.059393435811168946,0.940606564188831,0.24283506353469156,0.30000000000000004
190,1.0,0.04761904761904761,0.9523809523809524,0.012173963716493359,0.9878260362835066,0.3136161307532844,0.6863838692467157,0.02165236562396661,0.9783476343760333,0.060464977241779266,0.0
191,1.0,0.04761904761904761,0.9523809523809524,0.009933069082847346,0.9900669309171527,0.20729781626713184,0.7927021837328682,0.013150759868861895,0.9868492401311381,0.07947092738094068,0.0
192,1.0,0.04761904761904761,0.9523809523809524,0.00750671445293028,0.9924932855470697,0.3300929730073873,0.6699070269926126,0.03527928549166828,0.9647207145083317,0.05424131320871665,0.0
193,1.0,0.23809523809523808,0.7619047619047619,0.20560253644844462,0.7943974635515554,0.5438730531883631,0.4561269468116369,0.12716215461340685,0.8728378453865931,0.28635915884763996,0.0
194,1.0,0.09523809523809525,0.9047619047619048,0.027228625655643414,0.9727713743443566,0.47168714550640406,0.528312854493596,0.09398020335799477,0.9060197966420053,0.10206403422517663,0.0
195,1.0,0.23809523809523808,0.7619047619047619,0.17072054447719334,0.8292794555228067,0.6107739212007506,0.3892260787992494,0.12901711337225438,0.8709828866277456,0.25912647843786296,0.0
196,1.0,0.09523809523809525,0.9047619047619048,0.047264268404115385,0.9527357315958846,0.3201651980854737,0.6798348019145263,0.026445659801684705,0.9735543401983153,0.13465293767109712,0.0
197,1.0,0.09523809523809525,0.9047619047619048,0.07847076095600072,0.9215292390439993,0.5331902798530518,0.4668097201469482,0.13754541969611184,0.8624545803038881,0.106798258056657,0.0
198,1.0,0.19047619047619044,0.8095238095238095,0.1670246531452125,0.8329753468547875,0.4598949257177814,0.5401050742822187,0.046292362837152025,0.953707637162848,0.23871469342775525,0.0
199,1.0,0.04761904761904761,0.9523809523809524,0.024627461917142327,0.9753725380828576,0.42173454368576324,0.5782654563142368,0.08304681562212007,0.91695318437788,0.05532328615990847,0.0
200,1.0,0.0,1.0,0.0,1.0,0.19051581151263028,0.8094841884873697,0.01310779205852001,0.98689220794148,0.013056984133830092,0.0
201,1.0,0.0,1.0,0.0,1.0,0.18913485986656717,0.8108651401334328,0.02805392035266646,0.9719460796473336,0.007382094316600547,0.0
202,1.0,0.0,1.0,0.0,1.0,0.3520426072747081,0.647957392725292,0.06916074274646425,0.9308392572535358,0.0007817409406411127,0.0
203,1.0,0.0,1.0,0.0,1.0,0.28011603761591236,0.7198839623840876,0.03465552511391872,0.9653444748860813,0.0026884555916154174,0.0
204,1.0,0.0,1.0,0.0,1.0,0.30389496563610874,0.6961050343638913,0.04246696305150338,0.9575330369484967,0.003802713742754894,0.0
205,1.0,0.0,1.0,0.0,1.0,0.3888259370027058,0.6111740629972942,0.05801533127048253,0.9419846687295175,0.004024964111978297,0.0
206,1.0,0.0,1.0,0.0,1.0,0.2540368002453602,0.7459631997546399,0.04020516725668857,0.9597948327433115,0.003184694988512828,0.0
207,1.0,0.0,1.0,0.0,1.0,0.25705841176013067,0.7429415882398693,0.04689972330448884,0.9531002766955111,0.0023586929806096164,0.0
208,1.0,0.0,1.0,0.0,1.0,0.24504470258806435,0.7549552974119357,0.04765619777312472,0.9523438022268753,0.0050169290998818995,0.0
209,1.0,0.0,1.0,0.0,1.0,0.14630984252798446,0.8536901574720155,0.005830006796093939,0.9941699932039061,0.01587378509960298,0.0
210,1.0,0.0,1.0,0.0,1.0,0.3554740570615256,0.6445259429384744,0.09319737963476092,0.9068026203652391,0.00413487722571183,0.0
211,1.0,0.0,1.0,0.0,1.0,0.08430358419450439,0.9156964158054957,0.004992839205016604,0.9950071607949834,0.017509038713380973,0.0
212,1.0,0.0,1.0,0.0,1.0,0.31036217007357336,0.6896378299264266,0.05567040789572458,0.9443295921042754,0.002098019352544296,0.0
213,1.0,0.0,1.0,0.0,1.0,0.14630984252798446,0.8536901574720155,0.005830006796093937,0.9941699932039061,0.01587378509960298,0.0
214,1.0,0.0,1.0,0.0,1.0,0.14891108068246228,0.8510889193175377,0.008719700624477245,0.9912802993755228,0.0157435598077812,0.0
215,1.0,0.0,1.0,0.0,1.0,0.27855679030163083,0.7214432096983692,0.031140366173715985,0.968859633826284,0.004183749188152294,0.0
216,1.0,0.0,1.0,0.0,1.0,0.3554740570615256,0.6445259429384744,0.09319737963476092,0.9068026203652391,0.00413487722571183,0.0
217,1.0,0.0,1.0,0.0,1.0,0.24504470258806435,0.7549552974119357,0.047656197773124714,0.9523438022268753,0.0050169290998818995,0.0
218,1.0,0.0,1.0,0.0,1.0,0.04633054216661275,0.9536694578333873,0.0006422538598564027,0.9993577461401436,0.024010611324527302,0.0
219,1.0,0.0,1.0,0.0,1.0,0.28011603761591236,0.7198839623840876,0.04499201061342008,0.9550079893865799,0.00232383972687947,0.0
220,1.0,0.0,1.0,0.0,1.0,0.09384919628822082,0.9061508037117791,0.006526428059540355,0.9934735719404596,0.02416089975843403,0.0
221,1.0,0.0,1.0,0.0,1.0,0.0031238037627421902,0.9968761962372578,0.0016985305596182569,0.9983014694403818,0.02504747148296039,0.0
222,1.0,0.0,1.0,0.0,1.0,0.340147891258077,0.659852108741923,0.06081637057655426,0.9391836294234457,0.0011286335367229118,0.0
223,1.0,0.0,1.0,0.0,1.0,0.26773097748210745,0.7322690225178925,0.0383616986038062,0.9616383013961938,0.0034678916574530294,0.0
224,1.0,0.0,1.0,0.0,1.0,0.31036217007357336,0.6896378299264266,0.049279220555871084,0.9507207794441289,0.0014040223037809143,0.0
225,1.0,0.0,1.0,0.0,1.0,0.22447820689117653,0.7755217931088234,0.01680763150444811,0.9831923684955519,0.008063126782392674,0.0
226,1.0,0.0,1.0,0.0,1.0,0.18090481214866783,0.8190951878513322,0.022085758537269014,0.977914241462731,0.01194546122944671,0.0
227,1.0,0.0,1.0,0.0,1.0,0.18913485986656717,0.8108651401334328,0.018171618227710462,0.9818283817722895,0.009150940054875992,0.0
228,1.0,0.0,1.0,0.0,1.0,0.18090481214866783,0.8190951878513322,0.022085758537269018,0.977914241462731,0.01194546122944671,0.0
229,1.0,0.0,1.0,0.0,1.0,0.3136161307532844,0.6863838692467157,0.06742522041886694,0.9325747795811331,0.00044489036103336225,0.0
230,1.0,0.0,1.0,0.0,1.0,0.012590356282321155,0.9874096437176788,0.0015024162348011027,0.9984975837651989,0.03773355142899291,0.0
231,1.0,0.0,1.0,0.0,1.0,0.3554740570615256,0.6445259429384744,0.09319737963476094,0.9068026203652391,0.00413487722571183,0.0
232,1.0,0.0,1.0,0.0,1.0,0.2942946854737578,0.7057053145262422,0.047960496676274875,0.9520395033237251,0.0020317604276076746,0.0
233,1.0,0.0,1.0,0.0,1.0,0.30389496563610874,0.6961050343638913,0.061802249316212844,0.9381977506837872,0.0014893964878931409,0.0
234,1.0,0.0,1.0,0.0,1.0,0.17547056776642192,0.8245294322335781,0.027255657748839958,0.97274434225116,0.006603895195289118,0.0
235,1.0,0.0,1.0,0.0,1.0,0.20306551243650084,0.7969344875634992,0.007890406781229178,0.9921095932187708,0.015297129237038859,0.0
236,1.0,0.0,1.0,0.0,1.0,0.3571953344626798,0.6428046655373202,0.06267914434578291,0.9373208556542171,0.0015560393295896522,0.0
237,1.0,0.0,1.0,0.0,1.0,0.3554740570615256,0.6445259429384744,0.09319737963476092,0.9068026203652391,0.00413487722571183,0.0
238,1.0,0.0,1.0,0.0,1.0,0.3781441269645988,0.6218558730354011,0.07979871213638315,0.9202012878636169,0.0,0.0
239,1.0,0.0,1.0,0.0,1.0,0.3384631386087519,0.6615368613912481,0.0566906595827937,0.9433093404172063,0.001701544669203058,0.0
240,1.0,0.0,1.0,0.0,1.0,0.3888259370027058,0.6111740629972942,0.05801533127048252,0.9419846687295175,0.004024964111978297,0.0
241,1.0,0.0,1.0,0.0,1.0,0.1541429495129372,0.8458570504870628,0.006872197079945462,0.9931278029200545,0.013062794829057428,0.0
242,1.0,0.0,1.0,0.0,1.0,0.24803001876172615,0.7519699812382739,0.026329154290163394,0.9736708457098366,0.009721991274601691,0.0
243,1.0,0.0,1.0,0.0,1.0,0.04633054216661275,0.9536694578333873,0.0006422538598563997,0.9993577461401436,0.024010611324527302,0.0
244,1.0,0.0,1.0,0.0,1.0,0.21727039045072472,0.7827296095492753,0.031042147104720665,0.9689578528952794,0.005294568142728151,0.0
245,1.0,0.0,1.0,0.0,1.0,0.30712181006546035,0.6928781899345396,0.047833189898719417,0.9521668101012806,0.0017251398349619647,0.0
246,1.0,0.0,1.0,0.0,1.0,0.12458650711994548,0.8754134928800545,0.006099178498764194,0.9939008215012358,0.014513609847966463,0.0
247,1.0,0.0,1.0,0.0,1.0,0.21297965300933308,0.7870203469906669,0.027581631638195964,0.9724183683618041,0.007499922996580594,0.0
248,1.0,0.0,1.0,0.0,1.0,0.15809278816257324,0.8419072118374268,0.006093146992886882,0.9939068530071131,0.01897609179673614,0.0
249,1.0,0.0,1.0,0.0,1.0,0.19328573582109343,0.8067142641789066,0.019359588241936704,0.9806404117580633,0.007641075603060969,0.0
