source,target,weight
1,2,1.0
5,6,1.0
3,8,1.0
5,8,1.0
6,8,1.0
1,9,1.0
2,9,1.0
3,9,1.0
8,9,1.0
3,11,1.0
9,11,1.0
7,12,1.0
9,12,1.0
3,13,1.0
3,15,1.0
11,15,1.0
1,16,1.0
4,16,1.0
7,16,1.0
1,18,1.0
10,19,1.0
18,19,1.0
1,20,1.0
11,20,1.0
18,20,1.0
12,21,1.0
9,22,1.0
17,22,1.0
2,23,1.0
3,23,1.0
13,23,1.0
3,24,1.0
1,25,1.0
7,25,1.0
8,25,1.0
11,25,1.0
7,26,1.0
17,26,1.0
18,26,1.0
19,26,1.0
21,26,1.0
1,27,1.0
6,27,1.0
16,27,1.0
17,27,1.0
20,27,1.0
3,28,1.0
5,28,1.0
21,28,1.0
25,28,1.0
3,29,1.0
17,29,1.0
19,29,1.0
23,29,1.0
24,29,1.0
14,30,1.0
22,30,1.0
29,30,1.0
4,31,1.0
14,31,1.0
18,31,1.0
21,31,1.0
12,32,1.0
17,32,1.0
30,32,1.0
31,32,1.0
4,33,1.0
7,33,1.0
10,33,1.0
11,33,1.0
4,34,1.0
14,34,1.0
18,34,1.0
4,35,1.0
7,35,1.0
10,35,1.0
11,35,1.0
16,35,1.0
2,36,1.0
6,36,1.0
15,36,1.0
29,36,1.0
7,37,1.0
9,37,1.0
11,37,1.0
15,37,1.0
19,37,1.0
21,37,1.0
28,37,1.0
5,38,1.0
12,38,1.0
20,38,1.0
25,38,1.0
36,38,1.0
1,39,1.0
2,39,1.0
7,39,1.0
14,39,1.0
18,39,1.0
32,39,1.0
38,39,1.0
10,40,1.0
17,40,1.0
6,41,1.0
10,41,1.0
19,41,1.0
29,41,1.0
18,42,1.0
24,42,1.0
5,43,1.0
9,43,1.0
10,43,1.0
17,43,1.0
19,43,1.0
26,43,1.0
31,43,1.0
3,44,1.0
12,44,1.0
13,44,1.0
16,44,1.0
18,44,1.0
40,44,1.0
41,44,1.0
42,44,1.0
43,44,1.0
2,45,1.0
14,45,1.0
43,45,1.0
2,46,1.0
8,46,1.0
11,46,1.0
15,46,1.0
18,46,1.0
23,46,1.0
24,46,1.0
33,46,1.0
35,46,1.0
37,46,1.0
5,47,1.0
8,47,1.0
11,47,1.0
23,47,1.0
24,47,1.0
28,47,1.0
32,47,1.0
46,47,1.0
1,48,1.0
11,48,1.0
13,48,1.0
17,48,1.0
26,48,1.0
33,48,1.0
34,48,1.0
36,48,1.0
41,48,1.0
24,49,1.0
25,49,1.0
27,49,1.0
28,49,1.0
30,49,1.0
32,49,1.0
2,50,1.0
13,50,1.0
31,50,1.0
32,50,1.0
33,50,1.0
43,50,1.0
20,51,1.0
23,51,1.0
28,51,1.0
31,51,1.0
42,51,1.0
12,52,1.0
21,52,1.0
23,52,1.0
25,52,1.0
41,52,1.0
43,52,1.0
14,53,1.0
19,53,1.0
20,53,1.0
21,53,1.0
23,53,1.0
26,53,1.0
29,53,1.0
41,53,1.0
16,54,1.0
19,54,1.0
22,54,1.0
25,54,1.0
30,54,1.0
37,54,1.0
39,54,1.0
40,54,1.0
2,55,1.0
3,55,1.0
6,55,1.0
8,55,1.0
12,55,1.0
27,55,1.0
39,55,1.0
53,55,1.0
4,56,1.0
9,56,1.0
10,56,1.0
17,56,1.0
21,56,1.0
25,56,1.0
27,56,1.0
29,56,1.0
36,56,1.0
45,56,1.0
46,56,1.0
47,56,1.0
51,56,1.0
21,57,1.0
32,57,1.0
40,57,1.0
49,57,1.0
53,57,1.0
4,58,1.0
5,58,1.0
22,58,1.0
26,58,1.0
31,58,1.0
39,58,1.0
40,58,1.0
43,58,1.0
3,59,1.0
5,59,1.0
19,59,1.0
25,59,1.0
58,59,1.0
24,60,1.0
32,60,1.0
38,60,1.0
39,60,1.0
44,60,1.0
45,60,1.0
50,60,1.0
11,61,1.0
15,61,1.0
18,61,1.0
42,61,1.0
8,62,1.0
10,62,1.0
12,62,1.0
18,62,1.0
24,62,1.0
40,62,1.0
44,62,1.0
47,62,1.0
57,62,1.0
7,63,1.0
10,63,1.0
14,63,1.0
31,63,1.0
36,63,1.0
39,63,1.0
54,63,1.0
10,64,1.0
43,64,1.0
55,64,1.0
59,64,1.0
15,65,1.0
17,65,1.0
18,65,1.0
21,65,1.0
25,65,1.0
36,65,1.0
50,65,1.0
62,65,1.0
19,66,1.0
20,66,1.0
37,66,1.0
38,66,1.0
57,66,1.0
11,67,1.0
19,67,1.0
21,67,1.0
29,67,1.0
32,67,1.0
35,67,1.0
39,67,1.0
43,67,1.0
51,67,1.0
59,67,1.0
66,67,1.0
7,68,1.0
28,68,1.0
33,68,1.0
37,68,1.0
54,68,1.0
59,68,1.0
60,68,1.0
62,68,1.0
64,68,1.0
2,69,1.0
13,69,1.0
14,69,1.0
15,69,1.0
36,69,1.0
41,69,1.0
50,69,1.0
57,69,1.0
64,69,1.0
67,69,1.0
68,69,1.0
4,70,1.0
10,70,1.0
20,70,1.0
25,70,1.0
30,70,1.0
33,70,1.0
49,70,1.0
52,70,1.0
54,70,1.0
56,70,1.0
59,70,1.0
5,71,1.0
27,71,1.0
4,72,1.0
8,72,1.0
42,72,1.0
10,73,1.0
16,73,1.0
17,73,1.0
29,73,1.0
37,73,1.0
41,73,1.0
65,75,1.0
15,76,1.0
61,76,1.0
7,77,1.0
10,77,1.0
20,77,1.0
30,77,1.0
34,77,1.0
51,77,1.0
8,78,1.0
14,79,1.0
60,79,1.0
48,80,1.0
12,81,1.0
45,81,1.0
51,81,1.0
61,81,1.0
33,82,1.0
46,82,1.0
57,82,1.0
24,83,1.0
30,83,1.0
36,83,1.0
61,83,1.0
40,84,1.0
35,85,1.0
62,86,1.0
69,86,1.0
44,87,1.0
50,87,1.0
14,88,1.0
53,88,1.0
66,88,1.0
59,89,1.0
68,89,1.0
29,90,1.0
68,90,1.0
1,91,1.0
35,91,1.0
47,91,1.0
58,91,1.0
18,92,1.0
63,92,1.0
42,93,1.0
58,93,1.0
64,93,1.0
6,94,1.0
57,94,1.0
1,96,1.0
27,97,1.0
41,97,1.0
16,98,1.0
63,98,1.0
23,99,1.0
69,99,1.0
8,100,1.0
51,100,1.0
58,100,1.0
39,101,1.0
23,102,1.0
67,102,1.0
54,103,1.0
13,104,1.0
50,104,1.0
28,105,1.0
18,106,1.0
20,106,1.0
44,106,1.0
69,106,1.0
12,107,1.0
19,107,1.0
61,107,1.0
27,108,1.0
11,109,1.0
63,109,1.0
22,110,1.0
65,110,1.0
61,111,1.0
62,112,1.0
64,112,1.0
13,113,1.0
34,113,1.0
52,113,1.0
35,114,1.0
6,115,1.0
38,117,1.0
34,118,1.0
38,118,1.0
10,120,1.0
24,120,1.0
33,121,1.0
12,122,1.0
56,123,1.0
14,124,1.0
53,124,1.0
31,125,1.0
54,126,1.0
10,130,1.0
11,130,1.0
31,133,1.0
1,137,1.0
57,137,1.0
19,140,1.0
59,140,1.0
63,142,1.0
68,143,1.0
3,145,1.0
10,146,1.0
44,146,1.0
54,146,1.0
67,147,1.0
37,148,1.0
59,148,1.0
2,150,1.0
50,150,1.0
34,155,1.0
68,155,1.0
35,156,1.0
32,157,1.0
3,158,1.0
16,159,1.0
13,160,1.0
15,163,1.0
64,164,1.0
28,168,1.0
66,169,1.0
48,173,1.0
27,174,1.0
62,174,1.0
56,175,1.0
10,176,1.0
35,177,1.0
54,179,1.0
46,183,1.0
4,186,1.0
43,192,1.0
69,193,1.0
5,194,1.0
2,195,1.0
52,195,1.0
5,196,1.0
32,198,1.0
8,199,1.0
71,75,1.0
72,75,1.0
73,75,1.0
72,76,1.0
74,78,1.0
77,78,1.0
72,80,1.0
76,81,1.0
72,84,1.0
83,84,1.0
83,85,1.0
78,86,1.0
76,87,1.0
79,87,1.0
80,88,1.0
73,89,1.0
81,89,1.0
82,90,1.0
88,90,1.0
74,91,1.0
87,91,1.0
88,91,1.0
89,91,1.0
89,92,1.0
79,94,1.0
83,94,1.0
90,94,1.0
91,94,1.0
80,95,1.0
88,95,1.0
90,95,1.0
72,96,1.0
74,96,1.0
77,96,1.0
83,96,1.0
86,96,1.0
89,96,1.0
94,96,1.0
73,97,1.0
74,97,1.0
79,97,1.0
80,97,1.0
86,97,1.0
90,97,1.0
91,97,1.0
76,98,1.0
80,98,1.0
83,98,1.0
85,98,1.0
86,98,1.0
91,98,1.0
72,99,1.0
79,99,1.0
80,99,1.0
85,99,1.0
89,99,1.0
98,99,1.0
77,100,1.0
80,100,1.0
86,100,1.0
88,100,1.0
93,100,1.0
77,102,1.0
94,102,1.0
88,103,1.0
89,103,1.0
100,103,1.0
88,104,1.0
89,104,1.0
76,105,1.0
83,105,1.0
90,105,1.0
100,105,1.0
79,106,1.0
103,106,1.0
104,106,1.0
75,107,1.0
78,107,1.0
88,107,1.0
103,107,1.0
72,108,1.0
74,108,1.0
75,108,1.0
91,108,1.0
94,108,1.0
100,108,1.0
81,109,1.0
93,109,1.0
97,109,1.0
100,109,1.0
88,110,1.0
92,110,1.0
75,111,1.0
76,111,1.0
77,111,1.0
102,111,1.0
107,111,1.0
110,111,1.0
71,112,1.0
74,112,1.0
73,113,1.0
76,113,1.0
88,113,1.0
92,113,1.0
101,113,1.0
71,114,1.0
90,114,1.0
102,114,1.0
112,114,1.0
74,115,1.0
80,115,1.0
88,115,1.0
98,115,1.0
105,115,1.0
107,115,1.0
92,116,1.0
96,116,1.0
98,116,1.0
109,116,1.0
71,117,1.0
84,117,1.0
88,117,1.0
103,117,1.0
105,117,1.0
79,118,1.0
80,118,1.0
88,118,1.0
92,118,1.0
94,118,1.0
104,118,1.0
107,118,1.0
75,119,1.0
88,119,1.0
91,119,1.0
96,119,1.0
103,119,1.0
106,119,1.0
112,119,1.0
113,119,1.0
118,119,1.0
71,120,1.0
83,120,1.0
106,120,1.0
108,120,1.0
115,120,1.0
73,121,1.0
96,122,1.0
116,126,1.0
71,127,1.0
96,127,1.0
85,129,1.0
86,131,1.0
76,132,1.0
103,132,1.0
75,133,1.0
77,134,1.0
116,134,1.0
71,135,1.0
114,141,1.0
90,145,1.0
101,146,1.0
91,150,1.0
92,155,1.0
115,155,1.0
77,160,1.0
99,160,1.0
91,161,1.0
84,168,1.0
89,168,1.0
106,171,1.0
102,173,1.0
91,176,1.0
110,178,1.0
116,185,1.0
74,187,1.0
97,194,1.0
89,197,1.0
123,124,1.0
123,125,1.0
125,126,1.0
127,128,1.0
122,129,1.0
125,129,1.0
126,129,1.0
121,130,1.0
123,131,1.0
126,132,1.0
127,134,1.0
130,134,1.0
125,135,1.0
134,135,1.0
126,136,1.0
125,137,1.0
126,137,1.0
127,137,1.0
123,138,1.0
136,138,1.0
122,139,1.0
127,139,1.0
128,139,1.0
135,139,1.0
137,140,1.0
134,141,1.0
125,142,1.0
135,142,1.0
138,142,1.0
128,143,1.0
121,144,1.0
122,145,1.0
124,145,1.0
127,145,1.0
136,145,1.0
138,145,1.0
126,146,1.0
128,146,1.0
137,147,1.0
138,147,1.0
131,148,1.0
137,149,1.0
134,150,1.0
143,150,1.0
133,151,1.0
143,151,1.0
147,151,1.0
125,152,1.0
143,152,1.0
139,153,1.0
140,153,1.0
142,153,1.0
131,154,1.0
146,154,1.0
150,154,1.0
121,155,1.0
125,155,1.0
130,155,1.0
147,155,1.0
122,156,1.0
137,156,1.0
140,156,1.0
123,157,1.0
135,157,1.0
143,157,1.0
144,157,1.0
148,157,1.0
150,157,1.0
125,158,1.0
129,158,1.0
131,158,1.0
123,159,1.0
132,159,1.0
144,159,1.0
146,159,1.0
150,159,1.0
151,159,1.0
134,160,1.0
144,160,1.0
146,160,1.0
150,160,1.0
158,160,1.0
147,164,1.0
138,166,1.0
121,168,1.0
127,168,1.0
143,181,1.0
157,183,1.0
125,185,1.0
159,188,1.0
145,197,1.0
161,163,1.0
165,167,1.0
167,169,1.0
166,170,1.0
167,172,1.0
169,173,1.0
170,174,1.0
173,175,1.0
163,176,1.0
165,176,1.0
172,176,1.0
171,177,1.0
176,177,1.0
168,178,1.0
177,178,1.0
162,179,1.0
165,179,1.0
170,179,1.0
174,179,1.0
175,179,1.0
177,179,1.0
164,180,1.0
175,180,1.0
177,180,1.0
166,181,1.0
168,181,1.0
162,182,1.0
164,182,1.0
165,182,1.0
176,182,1.0
178,183,1.0
181,183,1.0
171,184,1.0
179,184,1.0
181,184,1.0
184,185,1.0
167,186,1.0
179,186,1.0
185,186,1.0
163,187,1.0
170,187,1.0
172,187,1.0
168,188,1.0
186,188,1.0
163,189,1.0
175,189,1.0
183,189,1.0
185,189,1.0
165,190,1.0
168,190,1.0
175,190,1.0
176,190,1.0
178,190,1.0
179,190,1.0
185,190,1.0
166,195,1.0
168,199,1.0
180,200,1.0
192,193,1.0
194,195,1.0
195,196,1.0
193,197,1.0
192,198,1.0
191,200,1.0
90,201,1.0
1,202,1.0
115,203,1.0
47,204,1.0
186,205,1.0
123,206,1.0
123,207,1.0
154,208,1.0
17,209,1.0
71,210,1.0
91,211,1.0
30,212,1.0
28,213,1.0
173,214,1.0
43,215,1.0
103,216,1.0
137,217,1.0
103,218,1.0
174,219,1.0
83,220,1.0
105,221,1.0
185,222,1.0
129,223,1.0
49,224,1.0
35,225,1.0
78,226,1.0
94,227,1.0
61,228,1.0
147,229,1.0
165,230,1.0
160,231,1.0
133,232,1.0
181,233,1.0
71,234,1.0
73,235,1.0
23,236,1.0
44,237,1.0
106,238,1.0
169,239,1.0
1,240,1.0
198,241,1.0
84,242,1.0
90,243,1.0
113,244,1.0
165,245,1.0
41,246,1.0
172,247,1.0
35,248,1.0
82,249,1.0
200,250,1.0
