source,target,weight
1,2,1.0
3,6,1.0
6,8,1.0
4,10,1.0
9,12,1.0
10,12,1.0
2,13,1.0
7,13,1.0
9,13,1.0
1,14,1.0
4,14,1.0
13,14,1.0
2,15,1.0
12,15,1.0
6,16,1.0
10,16,1.0
12,16,1.0
5,18,1.0
11,18,1.0
9,19,1.0
18,19,1.0
7,20,1.0
12,20,1.0
15,20,1.0
18,20,1.0
10,21,1.0
17,21,1.0
20,21,1.0
18,22,1.0
1,23,1.0
6,23,1.0
12,23,1.0
15,23,1.0
16,23,1.0
18,23,1.0
7,24,1.0
13,24,1.0
12,25,1.0
21,25,1.0
22,25,1.0
13,26,1.0
14,26,1.0
19,26,1.0
21,26,1.0
22,26,1.0
23,26,1.0
4,27,1.0
26,27,1.0
2,28,1.0
4,28,1.0
20,28,1.0
22,28,1.0
10,29,1.0
17,29,1.0
20,29,1.0
21,29,1.0
22,29,1.0
4,30,1.0
5,30,1.0
14,30,1.0
25,30,1.0
1,31,1.0
2,31,1.0
20,31,1.0
23,31,1.0
25,31,1.0
26,31,1.0
28,31,1.0
30,32,1.0
3,33,1.0
13,33,1.0
19,33,1.0
20,33,1.0
28,33,1.0
4,34,1.0
7,34,1.0
18,34,1.0
29,34,1.0
31,34,1.0
33,34,1.0
12,35,1.0
21,35,1.0
24,35,1.0
27,35,1.0
34,35,1.0
14,36,1.0
15,36,1.0
19,36,1.0
23,36,1.0
26,36,1.0
29,36,1.0
3,37,1.0
9,37,1.0
12,37,1.0
27,37,1.0
28,37,1.0
31,37,1.0
2,38,1.0
4,38,1.0
7,38,1.0
31,38,1.0
7,39,1.0
9,39,1.0
20,39,1.0
22,40,1.0
29,40,1.0
30,40,1.0
34,40,1.0
9,41,1.0
19,41,1.0
20,41,1.0
22,41,1.0
24,41,1.0
40,41,1.0
12,42,1.0
19,42,1.0
26,42,1.0
33,42,1.0
25,43,1.0
26,43,1.0
34,43,1.0
37,43,1.0
40,43,1.0
7,44,1.0
9,44,1.0
19,44,1.0
25,44,1.0
1,45,1.0
4,45,1.0
12,45,1.0
15,45,1.0
21,45,1.0
24,45,1.0
25,45,1.0
27,45,1.0
2,46,1.0
7,46,1.0
12,46,1.0
24,46,1.0
33,46,1.0
7,47,1.0
17,47,1.0
40,47,1.0
8,48,1.0
13,48,1.0
30,48,1.0
33,48,1.0
35,48,1.0
5,49,1.0
12,49,1.0
13,49,1.0
16,49,1.0
19,49,1.0
22,49,1.0
25,49,1.0
32,49,1.0
10,50,1.0
34,50,1.0
35,50,1.0
37,50,1.0
44,50,1.0
45,50,1.0
47,50,1.0
7,51,1.0
15,51,1.0
17,51,1.0
28,51,1.0
34,51,1.0
43,51,1.0
45,51,1.0
46,51,1.0
46,52,1.0
48,52,1.0
5,53,1.0
7,53,1.0
15,53,1.0
23,53,1.0
35,53,1.0
37,53,1.0
42,53,1.0
44,53,1.0
51,53,1.0
1,54,1.0
2,54,1.0
6,54,1.0
20,54,1.0
31,54,1.0
39,54,1.0
4,55,1.0
20,55,1.0
29,55,1.0
30,55,1.0
31,55,1.0
38,55,1.0
48,55,1.0
50,55,1.0
1,56,1.0
2,56,1.0
5,56,1.0
13,56,1.0
18,56,1.0
29,56,1.0
54,56,1.0
5,57,1.0
19,57,1.0
28,57,1.0
29,57,1.0
30,57,1.0
44,57,1.0
56,57,1.0
19,58,1.0
20,58,1.0
23,58,1.0
24,58,1.0
25,58,1.0
26,58,1.0
38,58,1.0
48,58,1.0
49,58,1.0
46,59,1.0
48,59,1.0
1,60,1.0
2,60,1.0
33,60,1.0
40,60,1.0
10,61,1.0
11,61,1.0
14,61,1.0
38,61,1.0
40,61,1.0
42,61,1.0
6,62,1.0
21,62,1.0
50,62,1.0
54,62,1.0
60,62,1.0
31,63,1.0
34,63,1.0
37,63,1.0
42,63,1.0
1,64,1.0
11,64,1.0
17,64,1.0
23,64,1.0
26,64,1.0
28,64,1.0
34,64,1.0
55,64,1.0
58,64,1.0
9,65,1.0
15,65,1.0
22,65,1.0
38,65,1.0
51,65,1.0
53,65,1.0
58,65,1.0
1,66,1.0
11,66,1.0
35,66,1.0
36,66,1.0
41,66,1.0
42,66,1.0
54,66,1.0
62,66,1.0
64,66,1.0
65,66,1.0
18,67,1.0
27,67,1.0
50,67,1.0
61,67,1.0
64,67,1.0
2,68,1.0
9,68,1.0
11,68,1.0
25,68,1.0
27,68,1.0
33,68,1.0
38,68,1.0
40,68,1.0
43,68,1.0
56,68,1.0
16,69,1.0
39,69,1.0
44,69,1.0
47,69,1.0
52,69,1.0
53,69,1.0
55,69,1.0
13,70,1.0
22,70,1.0
23,70,1.0
25,70,1.0
28,70,1.0
30,70,1.0
33,70,1.0
36,70,1.0
44,70,1.0
57,70,1.0
58,70,1.0
3,71,1.0
50,72,1.0
69,72,1.0
51,74,1.0
64,74,1.0
11,75,1.0
29,75,1.0
44,75,1.0
63,75,1.0
25,76,1.0
16,77,1.0
21,77,1.0
29,77,1.0
54,77,1.0
62,77,1.0
16,78,1.0
35,78,1.0
65,78,1.0
68,79,1.0
27,80,1.0
56,80,1.0
6,81,1.0
48,81,1.0
58,81,1.0
33,82,1.0
32,83,1.0
59,83,1.0
26,84,1.0
48,84,1.0
68,84,1.0
67,85,1.0
14,86,1.0
34,86,1.0
55,86,1.0
46,87,1.0
35,88,1.0
9,89,1.0
26,89,1.0
15,90,1.0
47,90,1.0
58,90,1.0
51,91,1.0
21,92,1.0
36,92,1.0
63,93,1.0
36,94,1.0
62,94,1.0
30,95,1.0
44,95,1.0
56,96,1.0
65,96,1.0
69,96,1.0
3,97,1.0
21,98,1.0
59,98,1.0
41,99,1.0
44,99,1.0
14,101,1.0
28,102,1.0
48,103,1.0
34,104,1.0
70,104,1.0
26,105,1.0
36,107,1.0
42,107,1.0
64,108,1.0
4,110,1.0
34,110,1.0
8,111,1.0
68,111,1.0
4,112,1.0
14,112,1.0
48,112,1.0
29,113,1.0
10,114,1.0
26,114,1.0
40,115,1.0
27,116,1.0
42,116,1.0
4,117,1.0
24,118,1.0
16,119,1.0
43,119,1.0
13,122,1.0
70,122,1.0
21,123,1.0
33,123,1.0
51,123,1.0
57,123,1.0
15,124,1.0
53,126,1.0
56,126,1.0
32,127,1.0
22,128,1.0
1,129,1.0
7,134,1.0
40,135,1.0
48,135,1.0
37,139,1.0
44,139,1.0
35,140,1.0
20,141,1.0
60,141,1.0
11,145,1.0
47,145,1.0
41,152,1.0
59,152,1.0
23,153,1.0
31,153,1.0
17,155,1.0
45,157,1.0
42,158,1.0
4,159,1.0
8,159,1.0
69,160,1.0
44,168,1.0
47,170,1.0
57,173,1.0
45,184,1.0
4,188,1.0
46,189,1.0
41,190,1.0
24,194,1.0
28,194,1.0
29,195,1.0
20,196,1.0
26,198,1.0
23,200,1.0
71,72,1.0
71,73,1.0
71,74,1.0
73,75,1.0
74,75,1.0
71,77,1.0
74,77,1.0
71,78,1.0
73,78,1.0
76,78,1.0
71,79,1.0
72,80,1.0
74,80,1.0
80,81,1.0
78,82,1.0
79,82,1.0
72,83,1.0
75,83,1.0
77,83,1.0
79,84,1.0
75,85,1.0
72,87,1.0
77,87,1.0
81,87,1.0
85,87,1.0
71,88,1.0
74,88,1.0
80,88,1.0
84,89,1.0
87,89,1.0
88,89,1.0
72,90,1.0
77,90,1.0
79,90,1.0
71,92,1.0
74,92,1.0
91,92,1.0
89,93,1.0
79,94,1.0
81,94,1.0
83,94,1.0
88,94,1.0
89,94,1.0
74,95,1.0
88,95,1.0
79,96,1.0
82,96,1.0
78,97,1.0
95,97,1.0
96,97,1.0
74,98,1.0
75,98,1.0
86,98,1.0
81,99,1.0
87,99,1.0
80,100,1.0
85,100,1.0
88,100,1.0
98,100,1.0
72,101,1.0
77,101,1.0
79,101,1.0
87,101,1.0
91,101,1.0
100,101,1.0
80,103,1.0
81,103,1.0
90,103,1.0
93,103,1.0
94,103,1.0
98,103,1.0
75,104,1.0
79,104,1.0
81,104,1.0
84,104,1.0
96,104,1.0
75,105,1.0
78,105,1.0
86,105,1.0
92,105,1.0
80,106,1.0
84,106,1.0
87,106,1.0
90,106,1.0
97,106,1.0
102,106,1.0
80,107,1.0
89,107,1.0
90,107,1.0
93,107,1.0
98,107,1.0
99,107,1.0
72,108,1.0
78,108,1.0
79,108,1.0
85,108,1.0
95,108,1.0
97,108,1.0
85,109,1.0
88,109,1.0
98,109,1.0
106,109,1.0
108,109,1.0
71,110,1.0
73,110,1.0
74,110,1.0
83,110,1.0
107,110,1.0
94,111,1.0
108,111,1.0
76,112,1.0
77,112,1.0
84,112,1.0
96,113,1.0
102,113,1.0
110,113,1.0
111,113,1.0
73,114,1.0
74,114,1.0
78,114,1.0
81,114,1.0
82,114,1.0
95,114,1.0
97,114,1.0
104,114,1.0
108,114,1.0
72,115,1.0
88,115,1.0
105,115,1.0
108,115,1.0
112,115,1.0
113,115,1.0
74,116,1.0
81,116,1.0
82,116,1.0
97,116,1.0
84,117,1.0
88,117,1.0
91,117,1.0
99,117,1.0
101,117,1.0
103,117,1.0
106,117,1.0
108,117,1.0
109,117,1.0
113,117,1.0
73,118,1.0
80,118,1.0
81,118,1.0
91,118,1.0
101,118,1.0
104,118,1.0
71,119,1.0
77,119,1.0
84,119,1.0
101,119,1.0
106,119,1.0
114,119,1.0
117,119,1.0
74,120,1.0
85,120,1.0
97,120,1.0
103,120,1.0
104,120,1.0
116,120,1.0
109,121,1.0
105,122,1.0
78,123,1.0
100,127,1.0
79,128,1.0
75,129,1.0
81,134,1.0
120,138,1.0
92,140,1.0
108,141,1.0
113,142,1.0
110,145,1.0
113,145,1.0
118,145,1.0
108,146,1.0
91,147,1.0
78,149,1.0
95,149,1.0
118,149,1.0
94,155,1.0
115,157,1.0
112,162,1.0
111,164,1.0
83,170,1.0
88,177,1.0
118,186,1.0
116,193,1.0
102,196,1.0
109,196,1.0
108,198,1.0
120,199,1.0
121,124,1.0
123,131,1.0
129,131,1.0
121,132,1.0
129,133,1.0
131,133,1.0
121,134,1.0
122,135,1.0
128,135,1.0
134,135,1.0
121,136,1.0
132,136,1.0
126,137,1.0
121,138,1.0
131,138,1.0
135,138,1.0
130,141,1.0
131,141,1.0
137,141,1.0
128,142,1.0
131,142,1.0
132,142,1.0
128,143,1.0
130,143,1.0
142,143,1.0
136,144,1.0
140,144,1.0
123,145,1.0
141,145,1.0
143,145,1.0
121,146,1.0
133,146,1.0
134,146,1.0
122,147,1.0
128,147,1.0
134,147,1.0
138,147,1.0
125,148,1.0
128,148,1.0
142,148,1.0
146,148,1.0
124,149,1.0
126,149,1.0
128,149,1.0
148,149,1.0
123,150,1.0
131,150,1.0
137,150,1.0
139,150,1.0
147,150,1.0
129,151,1.0
131,151,1.0
139,151,1.0
143,151,1.0
145,151,1.0
150,151,1.0
122,152,1.0
124,152,1.0
131,152,1.0
123,153,1.0
125,153,1.0
127,153,1.0
147,153,1.0
150,153,1.0
151,153,1.0
121,154,1.0
129,154,1.0
148,154,1.0
133,155,1.0
138,155,1.0
141,155,1.0
149,155,1.0
122,156,1.0
132,156,1.0
140,156,1.0
149,156,1.0
126,157,1.0
127,157,1.0
133,157,1.0
137,157,1.0
138,157,1.0
141,157,1.0
142,157,1.0
145,157,1.0
147,157,1.0
148,157,1.0
151,157,1.0
152,157,1.0
142,158,1.0
132,159,1.0
138,159,1.0
142,159,1.0
146,159,1.0
147,159,1.0
149,159,1.0
121,160,1.0
130,160,1.0
131,160,1.0
150,160,1.0
151,160,1.0
132,169,1.0
153,170,1.0
148,182,1.0
123,186,1.0
124,189,1.0
154,189,1.0
158,190,1.0
138,191,1.0
131,197,1.0
161,166,1.0
161,168,1.0
167,169,1.0
168,169,1.0
169,170,1.0
163,171,1.0
169,171,1.0
170,171,1.0
161,172,1.0
164,172,1.0
164,173,1.0
169,173,1.0
161,174,1.0
169,174,1.0
171,174,1.0
173,175,1.0
171,176,1.0
161,177,1.0
165,177,1.0
167,178,1.0
169,178,1.0
175,178,1.0
164,179,1.0
171,179,1.0
177,179,1.0
170,180,1.0
171,180,1.0
174,180,1.0
169,181,1.0
170,181,1.0
178,181,1.0
161,182,1.0
179,182,1.0
180,182,1.0
161,183,1.0
163,183,1.0
175,184,1.0
183,184,1.0
163,185,1.0
168,185,1.0
163,186,1.0
169,187,1.0
174,187,1.0
175,187,1.0
177,187,1.0
186,187,1.0
172,188,1.0
176,188,1.0
177,188,1.0
180,188,1.0
182,188,1.0
187,188,1.0
167,189,1.0
172,189,1.0
175,189,1.0
177,189,1.0
181,189,1.0
185,189,1.0
162,190,1.0
187,190,1.0
188,190,1.0
172,196,1.0
180,199,1.0
184,199,1.0
191,194,1.0
192,194,1.0
194,195,1.0
193,196,1.0
195,196,1.0
192,197,1.0
197,198,1.0
194,199,1.0
199,200,1.0
126,201,1.0
63,202,1.0
33,203,1.0
79,204,1.0
27,205,1.0
4,206,1.0
84,207,1.0
9,208,1.0
54,209,1.0
121,210,1.0
26,211,1.0
137,212,1.0
53,213,1.0
121,214,1.0
8,215,1.0
110,216,1.0
26,217,1.0
54,218,1.0
180,219,1.0
114,220,1.0
140,221,1.0
130,222,1.0
51,223,1.0
16,224,1.0
40,225,1.0
91,226,1.0
82,227,1.0
122,228,1.0
82,229,1.0
12,230,1.0
162,231,1.0
26,232,1.0
50,233,1.0
13,234,1.0
5,235,1.0
124,236,1.0
21,237,1.0
26,238,1.0
34,239,1.0
44,240,1.0
4,241,1.0
146,242,1.0
112,243,1.0
180,244,1.0
62,245,1.0
77,246,1.0
160,247,1.0
17,248,1.0
188,249,1.0
73,250,1.0
