source,target,weight
3,6,1.0
1,7,1.0
4,7,1.0
1,10,1.0
10,12,1.0
8,13,1.0
10,13,1.0
4,14,1.0
2,16,1.0
12,16,1.0
6,17,1.0
9,17,1.0
12,17,1.0
14,17,1.0
8,18,1.0
16,19,1.0
8,20,1.0
10,20,1.0
18,20,1.0
4,21,1.0
9,21,1.0
16,21,1.0
1,22,1.0
2,22,1.0
3,22,1.0
4,22,1.0
5,22,1.0
21,22,1.0
4,23,1.0
6,23,1.0
8,23,1.0
18,23,1.0
19,23,1.0
4,24,1.0
8,24,1.0
9,24,1.0
1,25,1.0
8,25,1.0
14,25,1.0
3,26,1.0
6,26,1.0
9,26,1.0
11,26,1.0
24,26,1.0
4,27,1.0
11,27,1.0
14,27,1.0
15,27,1.0
17,27,1.0
5,28,1.0
11,28,1.0
20,28,1.0
4,29,1.0
8,30,1.0
16,30,1.0
22,30,1.0
11,31,1.0
19,31,1.0
21,31,1.0
22,31,1.0
30,31,1.0
2,32,1.0
10,32,1.0
14,32,1.0
28,32,1.0
29,32,1.0
5,33,1.0
11,33,1.0
27,33,1.0
1,34,1.0
31,34,1.0
11,35,1.0
18,35,1.0
20,35,1.0
24,35,1.0
11,36,1.0
16,36,1.0
30,36,1.0
33,36,1.0
9,37,1.0
27,37,1.0
4,38,1.0
6,38,1.0
18,38,1.0
21,38,1.0
36,38,1.0
2,39,1.0
12,39,1.0
24,39,1.0
14,40,1.0
18,40,1.0
29,40,1.0
26,41,1.0
28,41,1.0
30,41,1.0
8,42,1.0
14,42,1.0
16,42,1.0
20,42,1.0
31,42,1.0
33,42,1.0
6,43,1.0
17,43,1.0
24,43,1.0
30,43,1.0
5,44,1.0
13,44,1.0
19,44,1.0
23,44,1.0
25,44,1.0
28,44,1.0
29,44,1.0
33,44,1.0
34,44,1.0
17,45,1.0
25,45,1.0
34,45,1.0
3,46,1.0
15,46,1.0
6,47,1.0
7,47,1.0
19,47,1.0
31,47,1.0
36,47,1.0
40,47,1.0
46,47,1.0
1,48,1.0
2,48,1.0
18,48,1.0
24,48,1.0
30,48,1.0
33,48,1.0
35,48,1.0
40,48,1.0
1,49,1.0
7,49,1.0
8,49,1.0
46,49,1.0
9,50,1.0
23,50,1.0
30,50,1.0
43,50,1.0
44,50,1.0
16,51,1.0
18,51,1.0
26,51,1.0
28,51,1.0
30,51,1.0
46,51,1.0
48,51,1.0
1,52,1.0
4,52,1.0
6,52,1.0
21,52,1.0
31,52,1.0
34,52,1.0
7,53,1.0
8,53,1.0
11,53,1.0
20,53,1.0
29,53,1.0
43,53,1.0
44,53,1.0
11,54,1.0
17,54,1.0
21,54,1.0
32,54,1.0
43,54,1.0
51,54,1.0
18,55,1.0
37,55,1.0
41,55,1.0
45,55,1.0
51,55,1.0
53,55,1.0
3,56,1.0
11,56,1.0
13,56,1.0
35,56,1.0
38,56,1.0
47,56,1.0
9,57,1.0
17,57,1.0
20,57,1.0
21,57,1.0
25,57,1.0
28,57,1.0
35,57,1.0
39,57,1.0
43,57,1.0
5,58,1.0
11,58,1.0
26,58,1.0
45,58,1.0
53,58,1.0
8,59,1.0
12,59,1.0
21,59,1.0
39,59,1.0
52,59,1.0
53,59,1.0
58,59,1.0
10,60,1.0
12,60,1.0
13,60,1.0
15,60,1.0
22,60,1.0
31,60,1.0
32,60,1.0
51,60,1.0
57,60,1.0
1,61,1.0
10,61,1.0
23,61,1.0
24,61,1.0
25,61,1.0
26,61,1.0
34,61,1.0
36,61,1.0
42,61,1.0
43,61,1.0
52,61,1.0
2,62,1.0
14,62,1.0
32,62,1.0
43,62,1.0
45,62,1.0
48,62,1.0
60,62,1.0
11,63,1.0
24,63,1.0
29,63,1.0
31,63,1.0
32,63,1.0
44,63,1.0
49,63,1.0
56,63,1.0
1,64,1.0
8,64,1.0
12,64,1.0
17,64,1.0
20,64,1.0
28,64,1.0
31,64,1.0
41,64,1.0
46,64,1.0
53,64,1.0
2,65,1.0
22,65,1.0
23,65,1.0
51,65,1.0
57,65,1.0
7,66,1.0
9,66,1.0
24,66,1.0
31,66,1.0
34,66,1.0
46,66,1.0
59,66,1.0
5,67,1.0
8,67,1.0
15,67,1.0
17,67,1.0
23,67,1.0
30,67,1.0
32,67,1.0
46,67,1.0
65,67,1.0
1,68,1.0
4,68,1.0
15,68,1.0
17,68,1.0
23,68,1.0
25,68,1.0
26,68,1.0
37,68,1.0
43,68,1.0
45,68,1.0
50,68,1.0
51,68,1.0
23,69,1.0
31,69,1.0
35,69,1.0
49,69,1.0
61,69,1.0
14,70,1.0
15,70,1.0
16,70,1.0
19,70,1.0
22,70,1.0
26,70,1.0
27,70,1.0
33,70,1.0
38,70,1.0
39,70,1.0
42,70,1.0
45,70,1.0
28,71,1.0
44,71,1.0
52,71,1.0
40,72,1.0
2,73,1.0
6,73,1.0
60,73,1.0
4,74,1.0
9,74,1.0
63,74,1.0
22,75,1.0
4,76,1.0
60,76,1.0
1,77,1.0
20,77,1.0
4,78,1.0
27,78,1.0
35,78,1.0
58,78,1.0
18,79,1.0
8,81,1.0
15,81,1.0
28,81,1.0
34,81,1.0
21,82,1.0
39,83,1.0
34,84,1.0
13,85,1.0
15,85,1.0
16,85,1.0
54,85,1.0
3,86,1.0
8,86,1.0
18,86,1.0
8,87,1.0
26,87,1.0
47,88,1.0
50,88,1.0
68,88,1.0
28,89,1.0
20,90,1.0
65,90,1.0
48,91,1.0
67,91,1.0
1,92,1.0
3,92,1.0
8,93,1.0
16,93,1.0
21,93,1.0
46,93,1.0
52,93,1.0
65,94,1.0
49,95,1.0
1,96,1.0
24,97,1.0
40,97,1.0
41,98,1.0
55,99,1.0
17,101,1.0
32,101,1.0
33,101,1.0
57,101,1.0
47,102,1.0
56,102,1.0
6,103,1.0
32,103,1.0
2,106,1.0
31,106,1.0
13,107,1.0
25,107,1.0
26,107,1.0
3,110,1.0
27,111,1.0
56,111,1.0
24,114,1.0
30,114,1.0
8,116,1.0
36,116,1.0
65,116,1.0
20,117,1.0
15,123,1.0
64,123,1.0
57,130,1.0
42,133,1.0
47,135,1.0
45,136,1.0
39,137,1.0
23,138,1.0
40,138,1.0
69,139,1.0
18,141,1.0
33,141,1.0
70,141,1.0
2,142,1.0
44,144,1.0
62,144,1.0
20,147,1.0
48,147,1.0
17,148,1.0
39,149,1.0
50,150,1.0
1,151,1.0
53,151,1.0
17,152,1.0
30,152,1.0
64,153,1.0
28,154,1.0
7,156,1.0
13,156,1.0
50,156,1.0
26,157,1.0
34,158,1.0
58,161,1.0
64,162,1.0
34,166,1.0
17,167,1.0
58,167,1.0
67,168,1.0
42,174,1.0
3,179,1.0
21,179,1.0
30,181,1.0
24,189,1.0
2,190,1.0
32,193,1.0
49,194,1.0
49,195,1.0
14,196,1.0
71,72,1.0
71,77,1.0
76,78,1.0
71,80,1.0
78,80,1.0
74,82,1.0
78,82,1.0
78,83,1.0
72,85,1.0
76,85,1.0
81,85,1.0
73,88,1.0
82,88,1.0
86,88,1.0
87,88,1.0
74,89,1.0
76,89,1.0
87,89,1.0
71,90,1.0
87,90,1.0
75,91,1.0
77,91,1.0
83,91,1.0
86,91,1.0
73,92,1.0
76,92,1.0
82,92,1.0
83,92,1.0
87,92,1.0
80,93,1.0
88,93,1.0
89,93,1.0
92,93,1.0
77,94,1.0
75,95,1.0
79,96,1.0
85,96,1.0
73,97,1.0
90,97,1.0
96,97,1.0
86,98,1.0
73,99,1.0
75,99,1.0
76,99,1.0
81,99,1.0
86,99,1.0
84,100,1.0
96,100,1.0
76,101,1.0
77,101,1.0
83,101,1.0
84,101,1.0
99,101,1.0
78,102,1.0
79,102,1.0
82,102,1.0
85,102,1.0
90,102,1.0
95,102,1.0
97,102,1.0
88,103,1.0
100,103,1.0
101,103,1.0
87,104,1.0
89,104,1.0
93,104,1.0
100,104,1.0
86,105,1.0
87,105,1.0
94,105,1.0
95,105,1.0
101,105,1.0
102,105,1.0
103,105,1.0
73,106,1.0
74,106,1.0
75,106,1.0
83,106,1.0
84,106,1.0
87,106,1.0
83,107,1.0
97,107,1.0
72,108,1.0
73,108,1.0
75,108,1.0
76,108,1.0
78,108,1.0
86,108,1.0
96,108,1.0
97,108,1.0
104,108,1.0
77,109,1.0
84,109,1.0
85,109,1.0
105,109,1.0
82,110,1.0
85,110,1.0
98,110,1.0
102,110,1.0
92,111,1.0
102,111,1.0
105,111,1.0
107,111,1.0
83,112,1.0
104,112,1.0
110,112,1.0
71,113,1.0
78,113,1.0
80,113,1.0
89,113,1.0
90,113,1.0
101,113,1.0
105,113,1.0
106,113,1.0
112,113,1.0
71,114,1.0
73,114,1.0
93,114,1.0
97,114,1.0
104,114,1.0
108,114,1.0
76,115,1.0
82,115,1.0
85,115,1.0
87,115,1.0
90,115,1.0
93,115,1.0
96,115,1.0
86,116,1.0
90,116,1.0
95,116,1.0
100,116,1.0
104,116,1.0
74,117,1.0
87,117,1.0
103,117,1.0
114,117,1.0
79,118,1.0
88,118,1.0
103,118,1.0
74,119,1.0
81,119,1.0
100,119,1.0
101,119,1.0
111,119,1.0
112,119,1.0
113,119,1.0
72,120,1.0
77,120,1.0
78,120,1.0
85,120,1.0
116,120,1.0
73,121,1.0
74,125,1.0
92,127,1.0
95,129,1.0
107,129,1.0
76,132,1.0
91,133,1.0
104,134,1.0
101,135,1.0
75,137,1.0
110,137,1.0
91,141,1.0
85,142,1.0
99,143,1.0
92,145,1.0
107,145,1.0
114,147,1.0
105,149,1.0
71,152,1.0
88,153,1.0
113,156,1.0
71,157,1.0
86,160,1.0
93,160,1.0
115,161,1.0
116,166,1.0
85,170,1.0
100,180,1.0
82,184,1.0
91,186,1.0
108,187,1.0
99,188,1.0
79,192,1.0
95,192,1.0
106,193,1.0
71,196,1.0
77,196,1.0
80,197,1.0
90,199,1.0
121,125,1.0
121,126,1.0
123,126,1.0
124,126,1.0
124,128,1.0
125,129,1.0
126,130,1.0
121,131,1.0
124,131,1.0
126,131,1.0
127,131,1.0
129,131,1.0
124,132,1.0
128,132,1.0
121,133,1.0
125,133,1.0
132,134,1.0
124,135,1.0
125,135,1.0
132,135,1.0
127,136,1.0
125,137,1.0
131,137,1.0
135,137,1.0
123,138,1.0
135,138,1.0
127,139,1.0
130,139,1.0
133,139,1.0
136,139,1.0
124,140,1.0
132,140,1.0
128,142,1.0
132,142,1.0
133,142,1.0
135,143,1.0
138,143,1.0
121,144,1.0
125,144,1.0
130,144,1.0
136,144,1.0
140,144,1.0
125,145,1.0
127,145,1.0
138,145,1.0
121,146,1.0
126,146,1.0
129,146,1.0
143,146,1.0
124,147,1.0
141,147,1.0
143,147,1.0
145,147,1.0
128,148,1.0
131,148,1.0
137,148,1.0
140,148,1.0
144,148,1.0
125,149,1.0
135,149,1.0
138,150,1.0
143,150,1.0
123,151,1.0
129,151,1.0
133,151,1.0
136,151,1.0
138,151,1.0
142,151,1.0
149,151,1.0
130,152,1.0
133,152,1.0
142,152,1.0
150,152,1.0
151,152,1.0
122,153,1.0
123,153,1.0
126,153,1.0
127,153,1.0
137,153,1.0
143,153,1.0
144,153,1.0
122,154,1.0
124,154,1.0
128,154,1.0
130,154,1.0
133,154,1.0
130,155,1.0
135,155,1.0
138,155,1.0
141,155,1.0
150,155,1.0
129,156,1.0
132,156,1.0
138,156,1.0
146,156,1.0
147,156,1.0
149,156,1.0
154,156,1.0
122,157,1.0
131,157,1.0
139,157,1.0
140,157,1.0
124,158,1.0
137,158,1.0
139,158,1.0
142,158,1.0
148,158,1.0
151,158,1.0
152,158,1.0
123,159,1.0
130,159,1.0
147,159,1.0
148,159,1.0
125,160,1.0
134,160,1.0
140,160,1.0
143,160,1.0
154,160,1.0
158,173,1.0
127,185,1.0
143,188,1.0
151,190,1.0
127,197,1.0
162,164,1.0
161,165,1.0
164,166,1.0
163,167,1.0
165,169,1.0
163,170,1.0
165,170,1.0
166,170,1.0
169,170,1.0
162,171,1.0
163,173,1.0
167,173,1.0
164,174,1.0
164,175,1.0
165,175,1.0
174,176,1.0
164,177,1.0
170,177,1.0
171,177,1.0
173,177,1.0
173,178,1.0
164,180,1.0
179,180,1.0
165,181,1.0
167,181,1.0
173,181,1.0
166,182,1.0
176,182,1.0
169,183,1.0
172,183,1.0
179,183,1.0
180,183,1.0
167,184,1.0
180,184,1.0
162,185,1.0
167,185,1.0
171,185,1.0
172,185,1.0
180,185,1.0
183,185,1.0
163,186,1.0
164,186,1.0
168,186,1.0
170,186,1.0
174,186,1.0
178,186,1.0
162,187,1.0
174,187,1.0
168,188,1.0
176,188,1.0
162,189,1.0
174,189,1.0
182,189,1.0
179,190,1.0
182,190,1.0
183,190,1.0
188,190,1.0
164,191,1.0
172,195,1.0
166,196,1.0
175,199,1.0
169,200,1.0
192,196,1.0
193,196,1.0
191,198,1.0
195,199,1.0
191,200,1.0
93,201,1.0
123,202,1.0
181,203,1.0
171,204,1.0
177,205,1.0
150,206,1.0
185,207,1.0
21,208,1.0
187,209,1.0
32,210,1.0
162,211,1.0
153,212,1.0
163,213,1.0
188,214,1.0
33,215,1.0
143,216,1.0
14,217,1.0
188,218,1.0
135,219,1.0
182,220,1.0
16,221,1.0
8,222,1.0
127,223,1.0
47,224,1.0
152,225,1.0
79,226,1.0
125,227,1.0
3,228,1.0
132,229,1.0
101,230,1.0
200,231,1.0
75,232,1.0
194,233,1.0
124,234,1.0
68,235,1.0
70,236,1.0
46,237,1.0
29,238,1.0
115,239,1.0
2,240,1.0
187,241,1.0
23,242,1.0
78,243,1.0
62,244,1.0
108,245,1.0
91,246,1.0
89,247,1.0
38,248,1.0
122,249,1.0
171,250,1.0
