source,target,weight
2,3,1.0
4,5,1.0
4,6,1.0
2,9,1.0
5,9,1.0
6,9,1.0
4,10,1.0
3,11,1.0
5,11,1.0
2,12,1.0
6,12,1.0
8,12,1.0
1,14,1.0
9,14,1.0
4,15,1.0
5,15,1.0
6,16,1.0
7,17,1.0
4,18,1.0
7,18,1.0
12,18,1.0
13,18,1.0
4,19,1.0
5,19,1.0
11,19,1.0
12,19,1.0
17,19,1.0
2,20,1.0
5,20,1.0
17,20,1.0
5,21,1.0
1,22,1.0
6,22,1.0
1,23,1.0
2,23,1.0
6,23,1.0
14,23,1.0
17,23,1.0
22,23,1.0
5,24,1.0
10,24,1.0
11,24,1.0
15,24,1.0
21,24,1.0
14,25,1.0
19,25,1.0
23,25,1.0
7,26,1.0
17,26,1.0
25,26,1.0
8,27,1.0
16,27,1.0
17,27,1.0
25,27,1.0
5,28,1.0
9,28,1.0
14,28,1.0
16,28,1.0
1,29,1.0
3,29,1.0
13,29,1.0
22,29,1.0
15,30,1.0
2,31,1.0
3,31,1.0
22,31,1.0
10,32,1.0
22,32,1.0
26,32,1.0
28,32,1.0
11,33,1.0
23,33,1.0
6,34,1.0
7,34,1.0
24,34,1.0
3,35,1.0
4,35,1.0
14,35,1.0
22,35,1.0
2,36,1.0
5,36,1.0
8,36,1.0
10,36,1.0
19,36,1.0
29,36,1.0
14,37,1.0
17,37,1.0
18,37,1.0
23,37,1.0
26,37,1.0
31,37,1.0
2,38,1.0
32,38,1.0
36,38,1.0
19,39,1.0
26,39,1.0
34,39,1.0
35,39,1.0
36,39,1.0
37,39,1.0
11,40,1.0
29,40,1.0
31,40,1.0
33,40,1.0
35,40,1.0
12,41,1.0
17,41,1.0
25,41,1.0
29,41,1.0
30,41,1.0
39,41,1.0
13,42,1.0
28,42,1.0
33,42,1.0
40,42,1.0
2,43,1.0
10,43,1.0
27,43,1.0
28,43,1.0
34,43,1.0
40,43,1.0
42,43,1.0
18,44,1.0
21,44,1.0
34,44,1.0
38,44,1.0
8,45,1.0
18,45,1.0
31,45,1.0
34,45,1.0
39,45,1.0
42,45,1.0
8,46,1.0
15,46,1.0
18,46,1.0
44,46,1.0
1,47,1.0
11,47,1.0
12,47,1.0
13,47,1.0
17,47,1.0
24,47,1.0
41,47,1.0
11,48,1.0
12,48,1.0
16,48,1.0
18,48,1.0
28,48,1.0
42,48,1.0
22,49,1.0
23,49,1.0
33,49,1.0
48,49,1.0
18,50,1.0
22,50,1.0
23,50,1.0
34,50,1.0
44,50,1.0
48,50,1.0
10,51,1.0
14,51,1.0
33,51,1.0
35,51,1.0
15,52,1.0
20,52,1.0
27,52,1.0
30,52,1.0
42,52,1.0
43,52,1.0
45,52,1.0
14,53,1.0
24,53,1.0
25,53,1.0
37,53,1.0
39,53,1.0
44,53,1.0
45,53,1.0
6,54,1.0
15,54,1.0
24,54,1.0
38,54,1.0
42,54,1.0
43,54,1.0
8,55,1.0
9,55,1.0
14,55,1.0
15,55,1.0
16,55,1.0
17,55,1.0
28,55,1.0
38,55,1.0
39,55,1.0
48,55,1.0
54,55,1.0
23,56,1.0
29,56,1.0
32,56,1.0
42,56,1.0
52,56,1.0
11,57,1.0
18,57,1.0
22,57,1.0
34,57,1.0
45,57,1.0
46,57,1.0
50,57,1.0
2,58,1.0
15,58,1.0
20,58,1.0
27,58,1.0
30,58,1.0
37,58,1.0
13,59,1.0
20,59,1.0
24,59,1.0
34,59,1.0
37,59,1.0
52,59,1.0
2,60,1.0
4,60,1.0
6,60,1.0
25,60,1.0
28,60,1.0
31,60,1.0
39,60,1.0
45,60,1.0
47,60,1.0
52,60,1.0
58,60,1.0
2,61,1.0
10,61,1.0
27,61,1.0
29,61,1.0
31,61,1.0
43,61,1.0
45,61,1.0
47,61,1.0
50,61,1.0
55,61,1.0
58,61,1.0
1,62,1.0
4,62,1.0
7,62,1.0
8,62,1.0
12,62,1.0
22,62,1.0
27,62,1.0
29,62,1.0
34,62,1.0
35,62,1.0
37,62,1.0
53,62,1.0
58,62,1.0
4,63,1.0
11,63,1.0
18,63,1.0
21,63,1.0
40,63,1.0
50,63,1.0
1,64,1.0
7,64,1.0
13,64,1.0
15,64,1.0
19,64,1.0
24,64,1.0
25,64,1.0
39,64,1.0
44,64,1.0
54,64,1.0
5,65,1.0
12,65,1.0
25,65,1.0
36,65,1.0
42,65,1.0
43,65,1.0
44,65,1.0
46,65,1.0
51,65,1.0
53,65,1.0
60,65,1.0
61,65,1.0
17,66,1.0
20,66,1.0
31,66,1.0
37,66,1.0
40,66,1.0
44,66,1.0
61,66,1.0
64,66,1.0
15,67,1.0
19,67,1.0
24,67,1.0
25,67,1.0
35,67,1.0
49,67,1.0
64,67,1.0
3,68,1.0
6,68,1.0
20,68,1.0
21,68,1.0
30,68,1.0
36,68,1.0
38,68,1.0
39,68,1.0
40,68,1.0
55,68,1.0
6,69,1.0
17,69,1.0
20,69,1.0
24,69,1.0
33,69,1.0
47,69,1.0
51,69,1.0
52,69,1.0
53,69,1.0
54,69,1.0
3,70,1.0
18,70,1.0
37,70,1.0
40,70,1.0
41,70,1.0
44,70,1.0
49,70,1.0
51,70,1.0
64,70,1.0
63,71,1.0
34,72,1.0
36,74,1.0
37,74,1.0
53,75,1.0
49,76,1.0
57,76,1.0
4,77,1.0
4,78,1.0
29,78,1.0
4,79,1.0
54,80,1.0
56,80,1.0
54,82,1.0
33,83,1.0
12,84,1.0
26,84,1.0
50,84,1.0
61,84,1.0
11,85,1.0
51,85,1.0
56,85,1.0
18,86,1.0
19,86,1.0
39,86,1.0
43,86,1.0
55,86,1.0
4,87,1.0
20,87,1.0
3,88,1.0
10,89,1.0
24,89,1.0
52,90,1.0
42,91,1.0
69,91,1.0
17,92,1.0
34,92,1.0
55,92,1.0
70,92,1.0
1,93,1.0
52,93,1.0
56,93,1.0
51,94,1.0
9,97,1.0
12,97,1.0
20,97,1.0
28,97,1.0
39,97,1.0
61,97,1.0
63,97,1.0
3,98,1.0
49,98,1.0
6,99,1.0
40,99,1.0
62,100,1.0
26,101,1.0
31,103,1.0
36,103,1.0
62,103,1.0
1,104,1.0
18,104,1.0
63,104,1.0
18,105,1.0
51,106,1.0
54,106,1.0
18,107,1.0
19,107,1.0
11,108,1.0
7,110,1.0
33,110,1.0
62,111,1.0
27,112,1.0
33,112,1.0
35,114,1.0
4,115,1.0
46,115,1.0
64,115,1.0
70,115,1.0
14,118,1.0
15,118,1.0
34,118,1.0
65,118,1.0
66,118,1.0
69,118,1.0
4,120,1.0
53,120,1.0
68,120,1.0
62,121,1.0
35,123,1.0
6,124,1.0
70,124,1.0
70,126,1.0
11,128,1.0
12,128,1.0
27,128,1.0
2,129,1.0
13,129,1.0
29,129,1.0
36,129,1.0
41,129,1.0
24,130,1.0
66,131,1.0
15,132,1.0
61,132,1.0
23,136,1.0
53,137,1.0
28,141,1.0
35,143,1.0
60,143,1.0
52,146,1.0
46,147,1.0
39,148,1.0
46,148,1.0
66,148,1.0
14,149,1.0
39,150,1.0
7,151,1.0
9,151,1.0
7,153,1.0
16,153,1.0
52,155,1.0
1,156,1.0
61,156,1.0
56,160,1.0
59,160,1.0
64,160,1.0
5,165,1.0
11,165,1.0
34,167,1.0
6,170,1.0
25,170,1.0
26,170,1.0
31,170,1.0
30,177,1.0
18,180,1.0
45,180,1.0
21,186,1.0
34,188,1.0
20,191,1.0
5,192,1.0
46,193,1.0
36,196,1.0
66,196,1.0
1,197,1.0
51,198,1.0
6,199,1.0
18,199,1.0
25,200,1.0
27,200,1.0
52,200,1.0
73,74,1.0
71,76,1.0
74,80,1.0
72,81,1.0
76,82,1.0
74,83,1.0
77,83,1.0
79,83,1.0
78,84,1.0
81,85,1.0
75,86,1.0
77,86,1.0
79,86,1.0
84,86,1.0
85,86,1.0
73,88,1.0
79,88,1.0
80,88,1.0
74,89,1.0
76,89,1.0
87,89,1.0
72,90,1.0
76,90,1.0
83,90,1.0
86,90,1.0
82,91,1.0
86,91,1.0
89,91,1.0
75,92,1.0
78,92,1.0
79,92,1.0
75,93,1.0
74,94,1.0
90,94,1.0
85,95,1.0
92,95,1.0
80,96,1.0
91,96,1.0
81,97,1.0
83,97,1.0
90,98,1.0
94,98,1.0
73,99,1.0
89,99,1.0
95,100,1.0
99,100,1.0
75,101,1.0
93,101,1.0
96,101,1.0
99,101,1.0
100,101,1.0
84,102,1.0
97,102,1.0
74,103,1.0
80,103,1.0
89,103,1.0
92,103,1.0
75,104,1.0
81,104,1.0
88,104,1.0
100,104,1.0
75,105,1.0
76,105,1.0
79,105,1.0
85,105,1.0
91,105,1.0
95,105,1.0
100,105,1.0
101,105,1.0
103,105,1.0
71,106,1.0
83,106,1.0
93,106,1.0
96,106,1.0
97,106,1.0
102,106,1.0
77,107,1.0
79,108,1.0
83,108,1.0
89,108,1.0
91,108,1.0
101,108,1.0
102,108,1.0
73,109,1.0
74,109,1.0
92,109,1.0
94,109,1.0
102,109,1.0
105,109,1.0
75,110,1.0
77,110,1.0
83,110,1.0
87,110,1.0
96,110,1.0
71,111,1.0
76,111,1.0
99,111,1.0
105,111,1.0
86,112,1.0
90,112,1.0
98,112,1.0
99,112,1.0
102,112,1.0
108,112,1.0
86,113,1.0
91,113,1.0
97,113,1.0
98,113,1.0
101,113,1.0
106,113,1.0
90,114,1.0
103,114,1.0
78,115,1.0
79,115,1.0
90,115,1.0
107,115,1.0
112,115,1.0
77,116,1.0
85,116,1.0
86,116,1.0
111,116,1.0
79,117,1.0
80,117,1.0
84,117,1.0
94,117,1.0
107,117,1.0
108,117,1.0
109,117,1.0
113,117,1.0
72,118,1.0
75,118,1.0
93,118,1.0
99,118,1.0
102,118,1.0
106,118,1.0
115,118,1.0
117,118,1.0
71,119,1.0
91,119,1.0
102,119,1.0
103,119,1.0
91,120,1.0
92,120,1.0
104,120,1.0
112,120,1.0
77,124,1.0
81,124,1.0
82,124,1.0
98,124,1.0
118,128,1.0
106,130,1.0
82,131,1.0
115,135,1.0
109,136,1.0
77,137,1.0
84,137,1.0
90,137,1.0
102,137,1.0
106,137,1.0
81,139,1.0
108,140,1.0
106,142,1.0
117,142,1.0
78,143,1.0
102,143,1.0
81,147,1.0
84,150,1.0
94,152,1.0
83,154,1.0
91,156,1.0
94,158,1.0
92,178,1.0
72,185,1.0
88,192,1.0
122,126,1.0
125,126,1.0
124,128,1.0
125,128,1.0
127,131,1.0
125,132,1.0
125,134,1.0
128,134,1.0
125,137,1.0
126,137,1.0
135,137,1.0
121,138,1.0
124,138,1.0
122,139,1.0
133,139,1.0
137,139,1.0
129,140,1.0
130,140,1.0
131,140,1.0
129,141,1.0
132,141,1.0
133,141,1.0
140,141,1.0
130,142,1.0
134,142,1.0
139,142,1.0
141,142,1.0
123,143,1.0
125,143,1.0
134,143,1.0
121,144,1.0
132,144,1.0
132,145,1.0
134,145,1.0
129,146,1.0
133,146,1.0
141,146,1.0
143,146,1.0
129,147,1.0
132,147,1.0
146,147,1.0
122,148,1.0
125,148,1.0
127,148,1.0
131,148,1.0
138,148,1.0
123,149,1.0
126,149,1.0
131,149,1.0
143,149,1.0
123,150,1.0
131,150,1.0
136,150,1.0
141,150,1.0
132,151,1.0
137,151,1.0
138,151,1.0
146,151,1.0
121,152,1.0
123,152,1.0
141,152,1.0
142,152,1.0
123,153,1.0
127,153,1.0
146,153,1.0
126,154,1.0
131,154,1.0
141,154,1.0
148,154,1.0
142,155,1.0
149,155,1.0
152,155,1.0
138,156,1.0
134,157,1.0
135,157,1.0
136,157,1.0
142,157,1.0
125,158,1.0
126,158,1.0
129,158,1.0
137,158,1.0
144,158,1.0
148,158,1.0
122,159,1.0
132,159,1.0
134,159,1.0
143,159,1.0
146,159,1.0
125,160,1.0
136,160,1.0
156,160,1.0
129,162,1.0
156,164,1.0
128,168,1.0
157,183,1.0
154,184,1.0
147,200,1.0
161,164,1.0
163,164,1.0
163,166,1.0
163,167,1.0
162,168,1.0
161,169,1.0
166,169,1.0
161,170,1.0
162,171,1.0
163,172,1.0
165,172,1.0
167,172,1.0
169,173,1.0
167,174,1.0
172,175,1.0
164,176,1.0
164,177,1.0
162,179,1.0
176,179,1.0
178,179,1.0
172,180,1.0
176,180,1.0
177,180,1.0
163,181,1.0
170,181,1.0
173,181,1.0
174,182,1.0
161,183,1.0
164,183,1.0
167,183,1.0
169,183,1.0
176,183,1.0
166,184,1.0
181,184,1.0
166,185,1.0
174,185,1.0
176,185,1.0
180,185,1.0
178,187,1.0
166,188,1.0
176,188,1.0
184,188,1.0
185,188,1.0
164,189,1.0
162,190,1.0
164,190,1.0
181,190,1.0
183,190,1.0
186,190,1.0
168,193,1.0
179,193,1.0
178,195,1.0
192,194,1.0
193,194,1.0
195,197,1.0
196,197,1.0
191,199,1.0
194,199,1.0
196,199,1.0
198,199,1.0
113,201,1.0
128,202,1.0
8,203,1.0
160,204,1.0
11,205,1.0
176,206,1.0
178,207,1.0
159,208,1.0
65,209,1.0
177,210,1.0
20,211,1.0
148,212,1.0
98,213,1.0
43,214,1.0
189,215,1.0
97,216,1.0
103,217,1.0
199,218,1.0
109,219,1.0
133,220,1.0
95,221,1.0
192,222,1.0
200,223,1.0
55,224,1.0
23,225,1.0
122,226,1.0
137,227,1.0
51,228,1.0
127,229,1.0
72,230,1.0
124,231,1.0
36,232,1.0
127,233,1.0
60,234,1.0
88,235,1.0
167,236,1.0
75,237,1.0
162,238,1.0
179,239,1.0
153,240,1.0
52,241,1.0
57,242,1.0
194,243,1.0
152,244,1.0
44,245,1.0
85,246,1.0
54,247,1.0
86,248,1.0
125,249,1.0
178,250,1.0
