source,target,weight
1,5,1.0
4,5,1.0
3,6,1.0
2,8,1.0
4,8,1.0
6,8,1.0
4,9,1.0
7,9,1.0
4,10,1.0
3,11,1.0
7,12,1.0
8,12,1.0
10,12,1.0
7,13,1.0
8,13,1.0
4,14,1.0
9,14,1.0
10,14,1.0
14,15,1.0
5,16,1.0
6,16,1.0
12,17,1.0
2,19,1.0
3,19,1.0
10,19,1.0
1,20,1.0
6,20,1.0
7,20,1.0
9,20,1.0
8,21,1.0
18,21,1.0
16,22,1.0
3,23,1.0
17,23,1.0
21,23,1.0
3,24,1.0
7,24,1.0
13,24,1.0
16,24,1.0
7,25,1.0
9,25,1.0
11,25,1.0
9,26,1.0
1,27,1.0
4,27,1.0
7,27,1.0
10,27,1.0
12,27,1.0
16,27,1.0
25,27,1.0
2,28,1.0
4,28,1.0
20,28,1.0
1,29,1.0
2,29,1.0
7,29,1.0
20,29,1.0
3,30,1.0
18,30,1.0
26,30,1.0
17,31,1.0
19,31,1.0
27,31,1.0
28,31,1.0
1,32,1.0
5,32,1.0
6,32,1.0
27,32,1.0
3,33,1.0
11,33,1.0
30,33,1.0
8,34,1.0
18,34,1.0
15,35,1.0
16,35,1.0
25,35,1.0
30,35,1.0
3,36,1.0
5,36,1.0
7,36,1.0
21,36,1.0
33,36,1.0
11,37,1.0
35,37,1.0
18,38,1.0
23,38,1.0
3,39,1.0
11,39,1.0
20,39,1.0
28,39,1.0
34,39,1.0
37,39,1.0
9,40,1.0
17,40,1.0
20,40,1.0
35,40,1.0
37,40,1.0
39,40,1.0
1,41,1.0
16,41,1.0
17,41,1.0
18,41,1.0
23,41,1.0
27,41,1.0
28,41,1.0
31,41,1.0
7,42,1.0
10,42,1.0
18,42,1.0
30,42,1.0
32,42,1.0
39,42,1.0
2,43,1.0
8,43,1.0
19,43,1.0
22,43,1.0
27,43,1.0
29,43,1.0
32,43,1.0
40,43,1.0
15,44,1.0
18,44,1.0
38,44,1.0
42,44,1.0
43,44,1.0
11,45,1.0
14,45,1.0
16,45,1.0
26,45,1.0
35,45,1.0
7,46,1.0
9,46,1.0
10,46,1.0
14,46,1.0
15,46,1.0
28,46,1.0
40,46,1.0
4,47,1.0
27,47,1.0
36,47,1.0
40,47,1.0
45,47,1.0
4,48,1.0
5,48,1.0
25,48,1.0
44,48,1.0
46,48,1.0
3,49,1.0
10,49,1.0
17,49,1.0
23,49,1.0
25,49,1.0
39,49,1.0
44,49,1.0
46,49,1.0
33,50,1.0
4,51,1.0
5,51,1.0
16,51,1.0
17,51,1.0
23,51,1.0
32,51,1.0
36,51,1.0
48,51,1.0
5,52,1.0
29,52,1.0
35,52,1.0
42,52,1.0
44,52,1.0
3,53,1.0
31,53,1.0
37,53,1.0
44,53,1.0
47,53,1.0
51,53,1.0
11,54,1.0
30,54,1.0
44,54,1.0
4,55,1.0
6,55,1.0
12,55,1.0
24,55,1.0
25,55,1.0
36,55,1.0
38,55,1.0
50,55,1.0
53,55,1.0
27,56,1.0
41,56,1.0
43,56,1.0
51,56,1.0
52,56,1.0
8,57,1.0
12,57,1.0
20,57,1.0
24,57,1.0
40,57,1.0
42,57,1.0
53,57,1.0
3,58,1.0
35,58,1.0
38,58,1.0
42,58,1.0
45,58,1.0
47,58,1.0
48,58,1.0
54,58,1.0
16,59,1.0
31,59,1.0
39,59,1.0
43,59,1.0
46,59,1.0
50,59,1.0
53,59,1.0
19,60,1.0
30,60,1.0
37,60,1.0
51,60,1.0
24,61,1.0
28,61,1.0
29,61,1.0
31,61,1.0
52,61,1.0
10,62,1.0
13,62,1.0
15,62,1.0
16,62,1.0
26,62,1.0
28,62,1.0
31,62,1.0
37,62,1.0
39,62,1.0
51,62,1.0
54,62,1.0
57,62,1.0
3,63,1.0
13,63,1.0
22,63,1.0
29,63,1.0
49,63,1.0
52,63,1.0
53,63,1.0
56,63,1.0
58,63,1.0
5,64,1.0
14,64,1.0
17,64,1.0
22,64,1.0
38,64,1.0
47,64,1.0
48,64,1.0
59,64,1.0
61,64,1.0
1,65,1.0
6,65,1.0
14,65,1.0
17,65,1.0
22,65,1.0
49,65,1.0
51,65,1.0
63,65,1.0
7,66,1.0
10,66,1.0
23,66,1.0
40,66,1.0
53,66,1.0
58,66,1.0
64,66,1.0
12,67,1.0
25,67,1.0
36,67,1.0
40,67,1.0
48,67,1.0
54,67,1.0
59,67,1.0
60,67,1.0
66,67,1.0
3,68,1.0
6,68,1.0
9,68,1.0
23,68,1.0
30,68,1.0
39,68,1.0
43,68,1.0
53,68,1.0
62,68,1.0
64,68,1.0
4,69,1.0
15,69,1.0
23,69,1.0
37,69,1.0
40,69,1.0
55,69,1.0
6,70,1.0
19,70,1.0
25,70,1.0
28,70,1.0
32,70,1.0
38,70,1.0
56,70,1.0
60,70,1.0
34,71,1.0
66,71,1.0
58,72,1.0
61,72,1.0
11,73,1.0
34,73,1.0
45,73,1.0
70,73,1.0
20,74,1.0
27,74,1.0
38,74,1.0
7,75,1.0
27,75,1.0
60,75,1.0
30,76,1.0
57,77,1.0
70,77,1.0
53,78,1.0
57,78,1.0
60,79,1.0
25,80,1.0
46,80,1.0
59,81,1.0
8,82,1.0
20,82,1.0
10,83,1.0
20,83,1.0
32,84,1.0
21,85,1.0
45,86,1.0
59,86,1.0
6,87,1.0
17,88,1.0
64,88,1.0
18,89,1.0
61,89,1.0
66,89,1.0
13,90,1.0
20,90,1.0
9,91,1.0
13,91,1.0
27,91,1.0
20,92,1.0
54,93,1.0
66,94,1.0
6,95,1.0
20,96,1.0
27,96,1.0
43,96,1.0
58,96,1.0
61,96,1.0
56,97,1.0
67,97,1.0
30,98,1.0
21,100,1.0
45,100,1.0
53,100,1.0
65,100,1.0
53,101,1.0
68,101,1.0
11,104,1.0
16,104,1.0
26,104,1.0
65,104,1.0
4,105,1.0
10,105,1.0
13,105,1.0
31,105,1.0
22,106,1.0
49,106,1.0
52,106,1.0
13,107,1.0
49,108,1.0
27,109,1.0
48,110,1.0
61,112,1.0
7,113,1.0
37,113,1.0
49,113,1.0
19,114,1.0
40,114,1.0
18,115,1.0
25,116,1.0
43,116,1.0
53,117,1.0
56,117,1.0
62,117,1.0
1,118,1.0
10,118,1.0
15,118,1.0
19,119,1.0
41,120,1.0
67,120,1.0
25,122,1.0
68,123,1.0
19,126,1.0
25,128,1.0
65,128,1.0
11,129,1.0
14,129,1.0
20,129,1.0
27,129,1.0
60,129,1.0
62,131,1.0
59,132,1.0
32,133,1.0
67,133,1.0
33,136,1.0
16,137,1.0
12,138,1.0
33,138,1.0
49,139,1.0
9,140,1.0
39,141,1.0
39,143,1.0
55,144,1.0
57,144,1.0
18,145,1.0
56,146,1.0
14,147,1.0
16,147,1.0
46,148,1.0
9,149,1.0
14,150,1.0
33,151,1.0
10,154,1.0
14,154,1.0
16,154,1.0
4,156,1.0
31,157,1.0
51,158,1.0
35,159,1.0
46,159,1.0
47,161,1.0
17,162,1.0
59,167,1.0
12,169,1.0
17,169,1.0
36,170,1.0
63,170,1.0
59,174,1.0
68,176,1.0
48,179,1.0
5,182,1.0
66,183,1.0
11,184,1.0
4,186,1.0
17,186,1.0
54,188,1.0
49,189,1.0
34,192,1.0
10,193,1.0
69,194,1.0
21,196,1.0
45,196,1.0
38,198,1.0
23,200,1.0
76,77,1.0
71,78,1.0
74,79,1.0
71,80,1.0
71,81,1.0
73,81,1.0
79,81,1.0
75,82,1.0
77,82,1.0
81,82,1.0
80,83,1.0
79,85,1.0
80,85,1.0
76,86,1.0
79,86,1.0
82,86,1.0
72,87,1.0
78,87,1.0
76,88,1.0
83,88,1.0
85,89,1.0
88,89,1.0
72,90,1.0
84,90,1.0
86,90,1.0
87,90,1.0
73,91,1.0
76,91,1.0
86,91,1.0
89,91,1.0
71,92,1.0
72,92,1.0
75,92,1.0
77,92,1.0
80,92,1.0
81,92,1.0
83,92,1.0
87,92,1.0
75,93,1.0
91,93,1.0
83,94,1.0
72,95,1.0
89,95,1.0
94,95,1.0
75,96,1.0
80,96,1.0
82,97,1.0
88,97,1.0
89,97,1.0
91,97,1.0
95,97,1.0
76,98,1.0
81,98,1.0
82,98,1.0
74,99,1.0
79,99,1.0
71,100,1.0
89,100,1.0
92,100,1.0
75,101,1.0
89,101,1.0
96,101,1.0
75,102,1.0
82,102,1.0
93,102,1.0
87,103,1.0
95,103,1.0
97,103,1.0
99,103,1.0
102,103,1.0
77,104,1.0
91,104,1.0
102,104,1.0
86,105,1.0
90,105,1.0
91,105,1.0
74,106,1.0
78,106,1.0
87,106,1.0
89,106,1.0
91,106,1.0
92,106,1.0
93,106,1.0
97,106,1.0
102,106,1.0
84,107,1.0
85,108,1.0
87,108,1.0
88,108,1.0
90,108,1.0
92,108,1.0
104,108,1.0
73,109,1.0
77,109,1.0
98,109,1.0
76,110,1.0
77,110,1.0
101,110,1.0
76,111,1.0
82,111,1.0
95,111,1.0
101,111,1.0
85,112,1.0
108,112,1.0
79,113,1.0
82,113,1.0
95,113,1.0
96,113,1.0
84,114,1.0
96,114,1.0
100,114,1.0
71,115,1.0
78,115,1.0
82,115,1.0
92,115,1.0
96,115,1.0
102,115,1.0
106,115,1.0
108,115,1.0
110,115,1.0
71,116,1.0
79,116,1.0
85,116,1.0
98,116,1.0
107,116,1.0
83,117,1.0
86,117,1.0
115,117,1.0
72,118,1.0
78,118,1.0
83,118,1.0
86,118,1.0
100,118,1.0
115,118,1.0
76,119,1.0
88,119,1.0
89,119,1.0
92,119,1.0
103,119,1.0
109,119,1.0
74,120,1.0
76,120,1.0
93,120,1.0
96,120,1.0
115,120,1.0
82,121,1.0
90,124,1.0
76,125,1.0
90,125,1.0
119,129,1.0
89,130,1.0
77,131,1.0
100,132,1.0
77,133,1.0
82,136,1.0
75,138,1.0
90,139,1.0
73,144,1.0
78,145,1.0
80,147,1.0
79,148,1.0
88,149,1.0
109,151,1.0
98,154,1.0
76,156,1.0
119,156,1.0
89,157,1.0
93,157,1.0
86,159,1.0
97,159,1.0
116,164,1.0
90,171,1.0
118,171,1.0
106,173,1.0
93,174,1.0
112,174,1.0
116,181,1.0
102,183,1.0
77,184,1.0
82,185,1.0
97,187,1.0
110,189,1.0
79,195,1.0
85,197,1.0
95,197,1.0
126,127,1.0
127,128,1.0
121,129,1.0
126,129,1.0
128,129,1.0
124,131,1.0
122,132,1.0
128,132,1.0
127,133,1.0
121,134,1.0
125,134,1.0
129,134,1.0
130,134,1.0
125,135,1.0
126,137,1.0
135,137,1.0
121,138,1.0
122,138,1.0
123,138,1.0
131,138,1.0
121,139,1.0
128,139,1.0
132,139,1.0
123,140,1.0
128,140,1.0
131,140,1.0
130,141,1.0
133,141,1.0
135,141,1.0
137,141,1.0
140,141,1.0
129,142,1.0
136,142,1.0
141,142,1.0
122,143,1.0
124,143,1.0
131,143,1.0
135,143,1.0
136,143,1.0
138,143,1.0
124,144,1.0
139,144,1.0
142,144,1.0
131,145,1.0
139,145,1.0
131,146,1.0
144,146,1.0
145,146,1.0
123,147,1.0
125,147,1.0
132,148,1.0
136,148,1.0
142,148,1.0
146,148,1.0
143,149,1.0
148,149,1.0
127,150,1.0
130,150,1.0
122,151,1.0
126,151,1.0
134,151,1.0
144,151,1.0
147,151,1.0
126,152,1.0
129,152,1.0
138,152,1.0
144,152,1.0
148,152,1.0
131,153,1.0
121,154,1.0
132,154,1.0
140,154,1.0
144,154,1.0
145,154,1.0
147,154,1.0
144,155,1.0
149,156,1.0
122,157,1.0
123,157,1.0
129,157,1.0
130,157,1.0
137,157,1.0
154,157,1.0
125,158,1.0
126,158,1.0
130,158,1.0
137,158,1.0
143,158,1.0
151,158,1.0
124,159,1.0
129,159,1.0
142,159,1.0
153,159,1.0
128,160,1.0
139,160,1.0
140,160,1.0
147,160,1.0
154,160,1.0
122,161,1.0
143,161,1.0
155,168,1.0
155,178,1.0
158,179,1.0
141,183,1.0
135,188,1.0
167,168,1.0
167,169,1.0
163,170,1.0
168,170,1.0
165,171,1.0
166,172,1.0
170,172,1.0
170,173,1.0
171,173,1.0
165,174,1.0
161,176,1.0
164,176,1.0
171,176,1.0
167,177,1.0
175,177,1.0
168,179,1.0
173,179,1.0
174,179,1.0
168,181,1.0
165,182,1.0
169,182,1.0
180,182,1.0
170,183,1.0
179,183,1.0
161,184,1.0
164,185,1.0
166,185,1.0
183,185,1.0
161,186,1.0
164,186,1.0
170,186,1.0
171,186,1.0
178,186,1.0
162,187,1.0
172,187,1.0
174,187,1.0
184,187,1.0
185,187,1.0
169,188,1.0
175,188,1.0
176,188,1.0
162,189,1.0
175,189,1.0
183,189,1.0
185,189,1.0
172,190,1.0
174,190,1.0
179,190,1.0
182,190,1.0
192,195,1.0
194,196,1.0
191,198,1.0
195,198,1.0
197,198,1.0
196,199,1.0
194,200,1.0
197,200,1.0
117,201,1.0
46,202,1.0
85,203,1.0
143,204,1.0
175,205,1.0
199,206,1.0
124,207,1.0
158,208,1.0
43,209,1.0
129,210,1.0
20,211,1.0
57,212,1.0
108,213,1.0
16,214,1.0
78,215,1.0
87,216,1.0
23,217,1.0
146,218,1.0
150,219,1.0
66,220,1.0
156,221,1.0
31,222,1.0
44,223,1.0
159,224,1.0
58,225,1.0
46,226,1.0
35,227,1.0
4,228,1.0
111,229,1.0
106,230,1.0
132,231,1.0
144,232,1.0
50,233,1.0
69,234,1.0
13,235,1.0
176,236,1.0
2,237,1.0
71,238,1.0
119,239,1.0
166,240,1.0
176,241,1.0
97,242,1.0
28,243,1.0
72,244,1.0
95,245,1.0
65,246,1.0
4,247,1.0
187,248,1.0
90,249,1.0
93,250,1.0
