source,target,weight
1,3,1.0
3,7,1.0
4,7,1.0
5,8,1.0
4,10,1.0
3,11,1.0
6,11,1.0
6,13,1.0
2,14,1.0
10,15,1.0
5,16,1.0
9,16,1.0
13,17,1.0
17,18,1.0
5,19,1.0
11,19,1.0
13,19,1.0
17,19,1.0
15,20,1.0
9,21,1.0
4,22,1.0
16,22,1.0
2,23,1.0
10,23,1.0
11,23,1.0
6,24,1.0
12,24,1.0
23,24,1.0
13,25,1.0
18,25,1.0
24,25,1.0
3,26,1.0
9,26,1.0
10,26,1.0
12,26,1.0
16,26,1.0
21,26,1.0
6,27,1.0
17,27,1.0
21,27,1.0
5,28,1.0
10,28,1.0
18,28,1.0
24,28,1.0
8,29,1.0
16,29,1.0
19,29,1.0
25,29,1.0
11,30,1.0
18,30,1.0
19,30,1.0
20,30,1.0
20,31,1.0
21,31,1.0
29,31,1.0
11,32,1.0
13,32,1.0
5,33,1.0
11,33,1.0
17,33,1.0
2,34,1.0
16,34,1.0
23,34,1.0
28,34,1.0
31,34,1.0
32,34,1.0
5,35,1.0
9,35,1.0
34,35,1.0
1,36,1.0
4,36,1.0
5,36,1.0
34,36,1.0
4,37,1.0
13,37,1.0
18,37,1.0
21,37,1.0
22,37,1.0
26,37,1.0
31,37,1.0
13,38,1.0
15,38,1.0
16,38,1.0
20,38,1.0
16,39,1.0
32,39,1.0
37,39,1.0
18,40,1.0
19,40,1.0
23,40,1.0
25,40,1.0
37,40,1.0
38,40,1.0
3,41,1.0
4,41,1.0
9,41,1.0
13,41,1.0
18,41,1.0
28,41,1.0
39,41,1.0
6,42,1.0
16,42,1.0
23,42,1.0
28,42,1.0
2,43,1.0
8,43,1.0
15,43,1.0
28,43,1.0
29,43,1.0
34,43,1.0
3,44,1.0
5,44,1.0
7,44,1.0
20,44,1.0
26,44,1.0
37,44,1.0
43,44,1.0
20,45,1.0
23,45,1.0
32,45,1.0
3,46,1.0
9,46,1.0
11,46,1.0
15,46,1.0
20,46,1.0
25,46,1.0
26,46,1.0
34,46,1.0
36,46,1.0
2,47,1.0
12,47,1.0
19,47,1.0
33,47,1.0
38,47,1.0
41,47,1.0
15,48,1.0
21,48,1.0
30,48,1.0
35,48,1.0
45,48,1.0
4,49,1.0
6,49,1.0
8,49,1.0
9,49,1.0
14,49,1.0
21,49,1.0
22,49,1.0
36,49,1.0
37,49,1.0
41,49,1.0
12,50,1.0
17,50,1.0
30,50,1.0
38,50,1.0
44,50,1.0
48,50,1.0
1,51,1.0
2,51,1.0
7,51,1.0
12,51,1.0
16,51,1.0
21,51,1.0
24,51,1.0
31,51,1.0
34,51,1.0
36,51,1.0
38,51,1.0
47,51,1.0
1,52,1.0
3,52,1.0
4,52,1.0
24,52,1.0
29,52,1.0
49,52,1.0
2,53,1.0
10,53,1.0
13,53,1.0
42,53,1.0
43,53,1.0
27,54,1.0
52,54,1.0
17,55,1.0
38,55,1.0
40,55,1.0
46,55,1.0
52,55,1.0
8,56,1.0
14,56,1.0
34,56,1.0
37,56,1.0
3,57,1.0
20,57,1.0
25,57,1.0
29,57,1.0
38,57,1.0
46,57,1.0
53,57,1.0
55,57,1.0
4,58,1.0
7,58,1.0
10,58,1.0
19,58,1.0
29,58,1.0
39,58,1.0
40,58,1.0
45,58,1.0
48,58,1.0
15,59,1.0
16,59,1.0
27,59,1.0
28,59,1.0
32,59,1.0
43,59,1.0
55,59,1.0
14,60,1.0
17,60,1.0
32,60,1.0
44,60,1.0
46,60,1.0
59,60,1.0
17,61,1.0
21,61,1.0
22,61,1.0
28,61,1.0
30,61,1.0
35,61,1.0
44,61,1.0
45,61,1.0
51,61,1.0
2,62,1.0
13,62,1.0
14,62,1.0
15,62,1.0
19,62,1.0
22,62,1.0
44,62,1.0
45,62,1.0
1,63,1.0
21,63,1.0
27,63,1.0
32,63,1.0
51,63,1.0
2,64,1.0
29,64,1.0
40,64,1.0
43,64,1.0
52,64,1.0
61,64,1.0
63,64,1.0
3,65,1.0
15,65,1.0
20,65,1.0
26,65,1.0
32,65,1.0
42,65,1.0
53,65,1.0
55,65,1.0
13,66,1.0
15,66,1.0
28,66,1.0
29,66,1.0
32,66,1.0
36,66,1.0
37,66,1.0
43,66,1.0
44,66,1.0
49,66,1.0
52,66,1.0
1,67,1.0
5,67,1.0
14,67,1.0
19,67,1.0
20,67,1.0
35,67,1.0
41,67,1.0
43,67,1.0
45,67,1.0
63,67,1.0
2,68,1.0
18,68,1.0
31,68,1.0
36,68,1.0
67,68,1.0
1,69,1.0
3,69,1.0
4,69,1.0
5,69,1.0
6,69,1.0
23,69,1.0
25,69,1.0
31,69,1.0
35,69,1.0
47,69,1.0
49,69,1.0
51,69,1.0
5,70,1.0
24,70,1.0
29,70,1.0
30,70,1.0
34,70,1.0
41,70,1.0
48,70,1.0
26,72,1.0
31,72,1.0
34,72,1.0
43,72,1.0
65,72,1.0
70,72,1.0
15,73,1.0
20,73,1.0
45,73,1.0
69,73,1.0
9,74,1.0
30,74,1.0
32,74,1.0
38,74,1.0
19,75,1.0
39,76,1.0
30,77,1.0
17,78,1.0
24,78,1.0
40,78,1.0
47,78,1.0
52,78,1.0
63,78,1.0
21,79,1.0
36,79,1.0
51,79,1.0
59,79,1.0
5,80,1.0
12,80,1.0
15,80,1.0
38,80,1.0
40,81,1.0
69,82,1.0
29,83,1.0
39,84,1.0
64,84,1.0
2,85,1.0
6,86,1.0
39,86,1.0
29,87,1.0
41,87,1.0
43,87,1.0
46,87,1.0
10,88,1.0
10,89,1.0
31,89,1.0
56,89,1.0
66,89,1.0
20,91,1.0
52,91,1.0
44,93,1.0
15,95,1.0
22,95,1.0
8,97,1.0
10,98,1.0
19,99,1.0
36,99,1.0
44,99,1.0
22,100,1.0
60,100,1.0
4,101,1.0
44,101,1.0
2,102,1.0
29,102,1.0
30,105,1.0
39,106,1.0
58,106,1.0
36,108,1.0
41,108,1.0
1,109,1.0
36,109,1.0
42,109,1.0
60,109,1.0
63,110,1.0
33,111,1.0
4,112,1.0
23,112,1.0
2,113,1.0
58,113,1.0
5,114,1.0
36,114,1.0
7,116,1.0
58,117,1.0
1,119,1.0
54,119,1.0
32,120,1.0
37,121,1.0
55,121,1.0
4,125,1.0
39,126,1.0
50,126,1.0
51,128,1.0
21,129,1.0
63,129,1.0
25,130,1.0
61,130,1.0
35,131,1.0
2,132,1.0
15,132,1.0
18,133,1.0
68,134,1.0
14,135,1.0
31,135,1.0
25,136,1.0
24,137,1.0
21,138,1.0
33,138,1.0
50,138,1.0
10,139,1.0
68,139,1.0
17,141,1.0
46,143,1.0
61,145,1.0
67,145,1.0
36,146,1.0
38,146,1.0
46,146,1.0
8,147,1.0
27,148,1.0
30,148,1.0
12,150,1.0
47,150,1.0
55,150,1.0
35,152,1.0
55,154,1.0
68,156,1.0
67,157,1.0
61,158,1.0
21,159,1.0
35,159,1.0
37,160,1.0
3,161,1.0
8,163,1.0
46,166,1.0
48,168,1.0
39,170,1.0
65,170,1.0
31,171,1.0
39,172,1.0
32,176,1.0
7,187,1.0
59,189,1.0
18,190,1.0
22,191,1.0
5,193,1.0
49,193,1.0
39,198,1.0
18,199,1.0
71,74,1.0
76,77,1.0
76,78,1.0
77,78,1.0
72,79,1.0
74,79,1.0
76,80,1.0
72,81,1.0
71,84,1.0
76,84,1.0
82,84,1.0
71,85,1.0
76,85,1.0
77,85,1.0
83,85,1.0
83,86,1.0
85,86,1.0
72,87,1.0
76,87,1.0
79,87,1.0
81,87,1.0
85,87,1.0
71,88,1.0
79,89,1.0
85,89,1.0
87,89,1.0
87,91,1.0
73,92,1.0
77,92,1.0
86,92,1.0
77,93,1.0
84,93,1.0
87,93,1.0
71,94,1.0
78,94,1.0
91,94,1.0
80,95,1.0
81,95,1.0
89,95,1.0
72,96,1.0
76,96,1.0
80,96,1.0
85,96,1.0
90,96,1.0
71,97,1.0
80,97,1.0
82,97,1.0
79,98,1.0
81,98,1.0
84,98,1.0
92,98,1.0
74,99,1.0
87,99,1.0
73,100,1.0
76,100,1.0
93,100,1.0
94,100,1.0
71,101,1.0
74,101,1.0
75,101,1.0
98,101,1.0
76,102,1.0
77,102,1.0
79,102,1.0
81,102,1.0
83,102,1.0
86,102,1.0
88,102,1.0
84,103,1.0
73,104,1.0
75,104,1.0
77,104,1.0
78,104,1.0
81,104,1.0
84,104,1.0
98,104,1.0
99,104,1.0
76,105,1.0
92,105,1.0
101,105,1.0
85,106,1.0
95,106,1.0
102,106,1.0
103,106,1.0
104,106,1.0
105,106,1.0
76,107,1.0
78,107,1.0
94,107,1.0
99,107,1.0
103,107,1.0
71,108,1.0
72,108,1.0
76,108,1.0
88,108,1.0
92,108,1.0
73,109,1.0
74,109,1.0
75,109,1.0
83,109,1.0
91,109,1.0
107,109,1.0
75,110,1.0
80,110,1.0
96,110,1.0
103,110,1.0
74,111,1.0
76,111,1.0
84,111,1.0
88,111,1.0
95,111,1.0
102,111,1.0
109,111,1.0
75,112,1.0
81,112,1.0
86,112,1.0
89,112,1.0
71,114,1.0
86,114,1.0
98,114,1.0
109,114,1.0
83,115,1.0
91,115,1.0
96,115,1.0
102,115,1.0
79,116,1.0
93,116,1.0
96,116,1.0
104,116,1.0
110,116,1.0
73,117,1.0
97,117,1.0
101,117,1.0
105,117,1.0
110,117,1.0
113,117,1.0
114,117,1.0
71,118,1.0
75,118,1.0
77,118,1.0
79,118,1.0
85,118,1.0
86,118,1.0
97,118,1.0
104,118,1.0
75,119,1.0
84,119,1.0
88,119,1.0
92,119,1.0
112,119,1.0
113,119,1.0
114,119,1.0
77,120,1.0
81,120,1.0
87,120,1.0
93,120,1.0
94,120,1.0
104,120,1.0
109,120,1.0
111,120,1.0
113,120,1.0
108,122,1.0
98,123,1.0
77,124,1.0
105,124,1.0
86,125,1.0
109,128,1.0
112,128,1.0
97,130,1.0
109,131,1.0
92,133,1.0
98,133,1.0
103,133,1.0
98,134,1.0
102,135,1.0
74,141,1.0
112,142,1.0
81,143,1.0
104,144,1.0
95,151,1.0
109,151,1.0
76,152,1.0
92,152,1.0
85,155,1.0
90,155,1.0
109,155,1.0
116,155,1.0
116,156,1.0
75,159,1.0
76,160,1.0
82,160,1.0
89,160,1.0
117,161,1.0
96,164,1.0
110,173,1.0
109,175,1.0
106,181,1.0
113,183,1.0
95,190,1.0
114,193,1.0
98,194,1.0
107,195,1.0
111,196,1.0
84,198,1.0
92,198,1.0
95,200,1.0
117,200,1.0
122,125,1.0
121,129,1.0
129,130,1.0
129,131,1.0
126,132,1.0
122,133,1.0
126,135,1.0
132,135,1.0
133,135,1.0
128,136,1.0
121,138,1.0
127,139,1.0
130,139,1.0
135,139,1.0
127,140,1.0
133,140,1.0
135,140,1.0
122,141,1.0
127,141,1.0
130,141,1.0
131,142,1.0
138,142,1.0
125,143,1.0
131,143,1.0
138,143,1.0
129,144,1.0
130,145,1.0
133,145,1.0
134,145,1.0
139,145,1.0
144,146,1.0
124,147,1.0
132,147,1.0
145,147,1.0
146,147,1.0
136,148,1.0
134,149,1.0
132,150,1.0
133,150,1.0
143,151,1.0
145,151,1.0
146,151,1.0
126,152,1.0
134,152,1.0
137,152,1.0
139,152,1.0
132,153,1.0
137,153,1.0
131,154,1.0
133,154,1.0
151,154,1.0
153,154,1.0
124,155,1.0
143,155,1.0
150,155,1.0
121,156,1.0
123,156,1.0
127,156,1.0
130,156,1.0
135,156,1.0
141,156,1.0
145,156,1.0
154,156,1.0
128,157,1.0
131,157,1.0
133,158,1.0
151,158,1.0
153,158,1.0
154,158,1.0
157,158,1.0
141,159,1.0
132,160,1.0
135,160,1.0
150,160,1.0
155,160,1.0
159,160,1.0
128,162,1.0
142,165,1.0
146,167,1.0
152,181,1.0
122,184,1.0
151,184,1.0
157,188,1.0
142,194,1.0
142,195,1.0
163,165,1.0
161,166,1.0
163,166,1.0
163,167,1.0
167,169,1.0
164,170,1.0
163,171,1.0
165,171,1.0
161,174,1.0
168,174,1.0
167,175,1.0
169,176,1.0
165,177,1.0
172,177,1.0
176,177,1.0
171,178,1.0
175,178,1.0
167,179,1.0
163,180,1.0
165,180,1.0
162,181,1.0
168,181,1.0
174,181,1.0
179,181,1.0
166,183,1.0
179,183,1.0
180,183,1.0
182,183,1.0
164,184,1.0
170,184,1.0
182,184,1.0
161,185,1.0
172,185,1.0
174,185,1.0
176,185,1.0
178,185,1.0
185,186,1.0
168,187,1.0
169,187,1.0
173,187,1.0
175,187,1.0
178,187,1.0
182,187,1.0
173,188,1.0
174,188,1.0
161,189,1.0
162,189,1.0
164,189,1.0
182,189,1.0
185,189,1.0
187,189,1.0
168,190,1.0
174,190,1.0
186,190,1.0
167,191,1.0
171,194,1.0
182,195,1.0
191,192,1.0
195,196,1.0
195,197,1.0
195,198,1.0
193,199,1.0
195,199,1.0
191,200,1.0
30,201,1.0
168,202,1.0
41,203,1.0
12,204,1.0
38,205,1.0
91,206,1.0
95,207,1.0
84,208,1.0
167,209,1.0
173,210,1.0
2,211,1.0
86,212,1.0
5,213,1.0
141,214,1.0
79,215,1.0
1,216,1.0
28,217,1.0
110,218,1.0
77,219,1.0
50,220,1.0
66,221,1.0
167,222,1.0
175,223,1.0
57,224,1.0
27,225,1.0
57,226,1.0
147,227,1.0
7,228,1.0
42,229,1.0
84,230,1.0
101,231,1.0
107,232,1.0
84,233,1.0
125,234,1.0
149,235,1.0
180,236,1.0
127,237,1.0
25,238,1.0
28,239,1.0
168,240,1.0
142,241,1.0
153,242,1.0
128,243,1.0
77,244,1.0
175,245,1.0
2,246,1.0
63,247,1.0
182,248,1.0
126,249,1.0
117,250,1.0
